DATABASE: BLACK WIDOW
IDENTITY: Natasha Romanoff
STATUS: Deceased (KIA)
THREAT LEVEL: Legacy / Espionage
[?25l[0m                                                                                     [0m
                                                                                     [0m
                                                                                     [0m
                                            [38;5;238m▄[38;5;94m▄[48;5;239m▄[38;5;237;48;5;95m▄[38;5;236;48;5;94m▄[48;5;237m▄[48;5;236m▄[38;5;237;48;5;237m▄[0m[38;5;236m▄[38;5;237m▄[0m                               [0m
                                           [38;5;239;48;5;238m▄[38;5;94;48;5;131m▄[38;5;237m▄[38;5;8;48;5;58m▄[38;5;235;48;5;236m▄[38;5;236;48;5;235m▄[48;5;234m▄[38;5;234m▄[48;5;236m▄[38;5;236m▄[38;5;8m▄[48;5;237m▄[0m                              [0m
                                          [38;5;237;48;5;237m▄[38;5;8;48;5;94m▄[38;5;180;48;5;239m▄[38;5;181m▄[38;5;180;48;5;236m▄[38;5;137m▄[38;5;95;48;5;235m▄[38;5;236;48;5;236m▄[48;5;235m▄[38;5;235;48;5;236m▄[48;5;234m▄[38;5;234;48;5;237m▄[38;5;235;48;5;238m▄[38;5;237;48;5;8m▄[0m[38;5;236m▄[0m                            [0m
                                         [38;5;236;48;5;237m▄[38;5;235;48;5;234m▄[38;5;236;48;5;237m▄[38;5;181;48;5;187m▄[38;5;180;48;5;181m▄[38;5;174;48;5;180m▄[48;5;137m▄[38;5;137;48;5;131m▄[38;5;95;48;5;239m▄[38;5;237;48;5;236m▄[38;5;234;48;5;235m▄[38;5;233;48;5;234m▄[48;5;235m▄[38;5;234m▄[38;5;235;48;5;234m▄[38;5;237;48;5;236m▄[0m[38;5;236m▄[0m                           [0m
                                          [38;5;94;48;5;236m▄[38;5;234;48;5;234m▄[38;5;180;48;5;137m▄[38;5;137;48;5;95m▄[38;5;138;48;5;137m▄[38;5;137m▄[38;5;95;48;5;239m▄[38;5;137;48;5;237m▄[38;5;95;48;5;236m▄[38;5;8;48;5;234m▄[38;5;233;48;5;233m▄[38;5;232m▄[38;5;234;48;5;234m▄[38;5;238;48;5;237m▄[38;5;239m▄[38;5;237m▄[48;5;236m▄[0m                          [0m
                                          [38;5;238;48;5;237m▄[38;5;237;48;5;236m▄[38;5;95;48;5;180m▄[38;5;180m▄[48;5;181m▄[38;5;131;48;5;137m▄[38;5;95;48;5;131m▄[38;5;131;48;5;137m▄[38;5;95;48;5;131m▄[38;5;236;48;5;237m▄[38;5;237;48;5;234m▄[38;5;232;48;5;233m▄[38;5;234m▄[38;5;233m▄[38;5;235;48;5;237m▄[38;5;236m▄[0m                           [0m
                           [38;5;240m▄[38;5;242m▄[38;5;240m▄[38;5;239m▄[38;5;8m▄[0m    [38;5;241m▄[38;5;59m▄[38;5;237m▄[38;5;235m▄▄[38;5;236m▄[0m  [38;5;8;48;5;238m▄[38;5;95;48;5;180m▄[38;5;137m▄[38;5;131;48;5;137m▄[38;5;95;48;5;95m▄[48;5;131m▄[38;5;238;48;5;239m▄[48;5;237m▄[38;5;240;48;5;240m▄[38;5;236;48;5;233m▄[38;5;234;48;5;232m▄[38;5;236;48;5;234m▄[38;5;8;48;5;237m▄[0m[7m[38;5;237m▄[0m                           [0m
                       [38;5;66m▄[38;5;110m▄[38;5;60;48;5;242m▄[38;5;8;48;5;60m▄▄[38;5;239;48;5;239m▄[38;5;235m▄[38;5;233;48;5;8m▄[38;5;236;48;5;235m▄[48;5;234m▄[48;5;235m▄[38;5;234;48;5;238m▄[38;5;235;48;5;239m▄[38;5;236;48;5;237m▄[38;5;235;48;5;236m▄[48;5;237m▄[38;5;234;48;5;236m▄[38;5;233;48;5;234m▄[48;5;235m▄[38;5;234;48;5;236m▄[38;5;236;48;5;237m▄[38;5;238;48;5;238m▄[38;5;8;48;5;8m▄[38;5;239;48;5;138m▄[38;5;137;48;5;137m▄[48;5;131m▄[38;5;95;48;5;95m▄[38;5;240;48;5;236m▄[38;5;8m▄[38;5;238;48;5;237m▄[0m[7m[38;5;8m▄[38;5;235m▄[38;5;237m▄[38;5;236m▄[0m                            [0m
                  [38;5;246m▄[38;5;109m▄[38;5;102;48;5;59m▄[38;5;60;48;5;243m▄[48;5;59m▄[38;5;236;48;5;8m▄[38;5;237;48;5;238m▄▄[38;5;235;48;5;236m▄▄[38;5;236;48;5;235m▄[38;5;240;48;5;234m▄[38;5;239;48;5;236m▄[38;5;237m▄[38;5;234m▄[48;5;235m▄[48;5;234m▄[38;5;235;48;5;235m▄[48;5;236m▄[38;5;236;48;5;234m▄[48;5;233m▄[38;5;233;48;5;232m▄▄[38;5;235;48;5;236m▄[38;5;234;48;5;237m▄[38;5;233;48;5;236m▄[48;5;235m▄▄[48;5;234m▄[38;5;235;48;5;235m▄[38;5;8;48;5;95m▄[38;5;95;48;5;137m▄[38;5;131m▄[38;5;239;48;5;239m▄[38;5;237;48;5;236m▄[38;5;8;48;5;239m▄[0m[38;5;8m▄[0m                              [0m
                  [38;5;243;48;5;244m▄[38;5;59;48;5;59m▄[38;5;234;48;5;239m▄[38;5;8;48;5;66m▄[38;5;236;48;5;60m▄[48;5;236m▄[48;5;234m▄[38;5;60m▄[38;5;239;48;5;235m▄[38;5;95;48;5;1m▄[38;5;109;48;5;239m▄[38;5;103;48;5;66m▄[38;5;244m▄[38;5;238;48;5;240m▄[38;5;236;48;5;237m▄▄[38;5;23;48;5;236m▄▄[38;5;239;48;5;234m▄[38;5;236m▄[48;5;232m▄[38;5;232m▄▄[38;5;233;48;5;233m▄[48;5;232m▄▄▄▄▄[48;5;234m▄[38;5;236;48;5;237m▄[38;5;95;48;5;95m▄▄[38;5;237m▄[38;5;236;48;5;237m▄[48;5;236m▄[48;5;238m▄[38;5;238;48;5;240m▄[38;5;236;48;5;237m▄[0m[38;5;240m▄[0m                           [0m
                  [7m[38;5;238m▄[0m[38;5;238;48;5;238m▄[48;5;237m▄[38;5;237;48;5;236m▄▄[38;5;233;48;5;234m▄[38;5;8;48;5;240m▄[38;5;240;48;5;116m▄▄[38;5;66;48;5;110m▄[38;5;239;48;5;73m▄[38;5;237;48;5;60m▄[0m[38;5;240m▄[38;5;60m▄[38;5;66m▄[0m     [38;5;244;48;5;242m▄[38;5;239;48;5;235m▄[38;5;236;48;5;233m▄[38;5;234m▄[38;5;233m▄▄▄▄▄▄[38;5;235;48;5;235m▄[48;5;237m▄[48;5;239m▄[38;5;236;48;5;236m▄[38;5;235;48;5;237m▄[38;5;234;48;5;236m▄[48;5;235m▄[38;5;233m▄[38;5;234;48;5;236m▄[48;5;234m▄[48;5;236m▄[0m[38;5;237m▄[0m                         [0m
                     [7m[38;5;239m▄[38;5;235m▄[38;5;236m▄[0m      [7m[38;5;235m▄[38;5;238m▄[38;5;116m▄▄[0m[38;5;236;48;5;60m▄[38;5;235m▄[38;5;236;48;5;59m▄[0m[38;5;60m▄[38;5;109;48;5;73m▄[38;5;74;48;5;67m▄[48;5;60m▄[38;5;32;48;5;239m▄[38;5;31;48;5;236m▄[38;5;24;48;5;234m▄[38;5;236;48;5;233m▄[38;5;234;48;5;232m▄[38;5;233m▄[48;5;233m▄[48;5;234m▄[38;5;232;48;5;233m▄[38;5;233m▄▄[38;5;232m▄[38;5;16;48;5;232m▄▄▄[38;5;232m▄[38;5;236;48;5;237m▄[38;5;237;48;5;235m▄[38;5;238;48;5;237m▄[0m                         [0m
                                     [38;5;66;48;5;240m▄[38;5;67;48;5;74m▄[38;5;31;48;5;117m▄[48;5;153m▄[38;5;74m▄[38;5;116;48;5;116m▄[38;5;117;48;5;74m▄[38;5;153;48;5;31m▄[38;5;117;48;5;24m▄[38;5;80;48;5;23m▄[38;5;74;48;5;236m▄[38;5;30;48;5;234m▄[38;5;23;48;5;233m▄[38;5;235;48;5;232m▄[38;5;233m▄[48;5;233m▄[48;5;232m▄▄▄[38;5;235;48;5;233m▄[38;5;238;48;5;236m▄[38;5;60;48;5;239m▄[0m[7m[38;5;239m▄[0m                         [0m
                                     [38;5;242;48;5;243m▄[38;5;238;48;5;59m▄[38;5;236;48;5;237m▄[38;5;235;48;5;236m▄[48;5;237m▄[38;5;236;48;5;23m▄[38;5;237;48;5;31m▄[38;5;8;48;5;74m▄[38;5;23m▄[38;5;24;48;5;117m▄[38;5;30;48;5;153m▄[38;5;67;48;5;152m▄[38;5;60;48;5;102m▄[38;5;239;48;5;239m▄[38;5;234;48;5;234m▄[38;5;233;48;5;233m▄[38;5;234m▄[38;5;236;48;5;234m▄[38;5;238;48;5;236m▄[38;5;237;48;5;237m▄[38;5;236;48;5;239m▄[38;5;239;48;5;60m▄[0m                          [0m
                                     [38;5;241;48;5;242m▄[38;5;239;48;5;238m▄[48;5;237m▄[38;5;237;48;5;236m▄[38;5;236m▄[38;5;237m▄[38;5;236m▄[38;5;235;48;5;235m▄[38;5;234m▄[38;5;233m▄▄▄[38;5;234;48;5;236m▄[38;5;235;48;5;235m▄[38;5;236m▄[38;5;235;48;5;234m▄[38;5;236;48;5;235m▄[38;5;239;48;5;238m▄[38;5;232;48;5;234m▄[38;5;233m▄[38;5;237;48;5;236m▄[38;5;239;48;5;239m▄[0m                          [0m
                                  [38;5;244m▄▄[38;5;239;48;5;244m▄[38;5;238;48;5;241m▄[38;5;239m▄[38;5;67;48;5;239m▄[38;5;31;48;5;66m▄[38;5;67;48;5;31m▄[38;5;24m▄[38;5;236;48;5;25m▄[38;5;235;48;5;24m▄[38;5;24;48;5;23m▄[38;5;237;48;5;233m▄[38;5;233m▄▄[38;5;234;48;5;234m▄[38;5;236;48;5;235m▄[38;5;237;48;5;237m▄[38;5;236;48;5;236m▄[0m[7m[38;5;239m▄[0m[38;5;236;48;5;236m▄[38;5;233;48;5;232m▄[48;5;233m▄[38;5;239;48;5;238m▄[38;5;60;48;5;240m▄[0m                          [0m
                                [38;5;243m▄[38;5;241;48;5;59m▄[38;5;239;48;5;241m▄[48;5;240m▄[38;5;238;48;5;239m▄[48;5;238m▄[38;5;59;48;5;242m▄[38;5;30;48;5;31m▄[38;5;23;48;5;24m▄[38;5;235;48;5;23m▄[38;5;236m▄[38;5;235;48;5;233m▄[38;5;23;48;5;234m▄[38;5;235;48;5;8m▄[38;5;240;48;5;236m▄[38;5;239;48;5;237m▄[38;5;237;48;5;234m▄[38;5;235;48;5;235m▄[48;5;236m▄[38;5;239m▄[0m[7m[38;5;238m▄[0m [38;5;23m▄[38;5;235;48;5;234m▄[38;5;233;48;5;232m▄[38;5;239;48;5;239m▄[38;5;59;48;5;60m▄[0m                          [0m
                        [38;5;243m▄[38;5;242m▄[38;5;240m▄▄[38;5;239;48;5;239m▄[38;5;8;48;5;59m▄[38;5;237;48;5;241m▄[38;5;236;48;5;240m▄[38;5;234;48;5;8m▄[38;5;233;48;5;237m▄[48;5;236m▄▄[38;5;235m▄[38;5;238;48;5;238m▄[38;5;59;48;5;59m▄[38;5;237;48;5;8m▄[38;5;234m▄[38;5;233;48;5;237m▄[38;5;234;48;5;235m▄[38;5;232;48;5;6m▄[38;5;237;48;5;8m▄[38;5;239;48;5;236m▄[38;5;236;48;5;237m▄[38;5;59;48;5;240m▄[38;5;239;48;5;239m▄[38;5;238;48;5;8m▄[38;5;237;48;5;236m▄[0m   [38;5;23;48;5;24m▄[48;5;23m▄[38;5;233;48;5;234m▄[38;5;238;48;5;240m▄[38;5;239m▄[0m                          [0m
                    [38;5;239m▄[38;5;240m▄[38;5;239;48;5;240m▄[38;5;238m▄[38;5;237;48;5;239m▄[38;5;236;48;5;238m▄[38;5;234;48;5;8m▄[38;5;235;48;5;236m▄▄[38;5;234;48;5;235m▄[38;5;233;48;5;233m▄[38;5;232;48;5;232m▄▄▄▄[38;5;233;48;5;233m▄[48;5;234m▄[38;5;236;48;5;237m▄[38;5;59;48;5;241m▄[38;5;235;48;5;236m▄[38;5;232;48;5;233m▄▄[48;5;232m▄[38;5;235;48;5;234m▄[38;5;237;48;5;238m▄[38;5;238;48;5;8m▄[48;5;236m▄[38;5;237;48;5;237m▄[38;5;240;48;5;66m▄[38;5;238;48;5;238m▄[48;5;236m▄[38;5;239;48;5;238m▄[0m   [38;5;235;48;5;23m▄[38;5;233;48;5;234m▄[38;5;237;48;5;240m▄[38;5;8;48;5;8m▄[38;5;238;48;5;238m▄[0m                         [0m
                [38;5;239m▄[38;5;241m▄[38;5;239;48;5;240m▄[38;5;238;48;5;59m▄[38;5;236;48;5;239m▄[38;5;235;48;5;237m▄[38;5;234;48;5;236m▄[38;5;233;48;5;235m▄[38;5;232;48;5;234m▄[38;5;233;48;5;233m▄▄▄[38;5;235;48;5;236m▄[38;5;8;48;5;237m▄[38;5;235;48;5;234m▄[38;5;233;48;5;233m▄▄▄[38;5;232;48;5;232m▄▄[38;5;235;48;5;233m▄[38;5;240;48;5;239m▄[38;5;237;48;5;240m▄[38;5;233;48;5;234m▄[38;5;232;48;5;232m▄▄▄[38;5;233;48;5;234m▄[48;5;233m▄[38;5;237;48;5;237m▄[38;5;240;48;5;240m▄[38;5;59m▄[38;5;239m▄[38;5;60;48;5;239m▄[38;5;238;48;5;238m▄▄[38;5;59;48;5;60m▄[0m  [38;5;234;48;5;234m▄[38;5;232;48;5;232m▄[38;5;236;48;5;237m▄[38;5;237;48;5;8m▄[38;5;234;48;5;236m▄[38;5;59;48;5;239m▄[0m                        [0m
              [38;5;242m▄[38;5;239;48;5;241m▄[38;5;238;48;5;240m▄[38;5;236;48;5;239m▄[38;5;235;48;5;237m▄[38;5;233;48;5;235m▄[38;5;232;48;5;234m▄[48;5;233m▄[38;5;233;48;5;232m▄▄[48;5;233m▄▄▄▄[48;5;234m▄[38;5;235;48;5;236m▄[38;5;234;48;5;235m▄[38;5;233;48;5;233m▄[38;5;232m▄▄[48;5;232m▄▄[38;5;237;48;5;8m▄[48;5;237m▄[38;5;233;48;5;234m▄[38;5;232;48;5;232m▄[38;5;16;48;5;16m▄[38;5;232;48;5;232m▄▄[38;5;233m▄▄[38;5;235;48;5;236m▄[38;5;237;48;5;240m▄[38;5;8;48;5;60m▄[38;5;239;48;5;8m▄[38;5;237;48;5;239m▄[38;5;60;48;5;60m▄[38;5;240;48;5;239m▄[38;5;236;48;5;240m▄[0m  [38;5;238;48;5;234m▄[38;5;233;48;5;232m▄[38;5;232;48;5;234m▄[38;5;235;48;5;235m▄[38;5;233;48;5;233m▄[38;5;59;48;5;59m▄[0m                        [0m
           [38;5;242m▄[38;5;59;48;5;241m▄[38;5;239m▄[38;5;237;48;5;239m▄[38;5;235;48;5;8m▄[38;5;233;48;5;236m▄[38;5;232;48;5;234m▄[48;5;233m▄[48;5;232m▄▄[48;5;233m▄▄[38;5;233m▄[38;5;232m▄▄▄▄[48;5;232m▄[38;5;233;48;5;233m▄▄▄[38;5;232;48;5;232m▄▄▄[38;5;233m▄[38;5;236;48;5;237m▄[38;5;238;48;5;238m▄[38;5;235;48;5;234m▄[38;5;232;48;5;232m▄[48;5;16m▄▄[38;5;233;48;5;233m▄[38;5;234m▄[48;5;232m▄▄[38;5;8;48;5;233m▄[38;5;239;48;5;8m▄[38;5;236;48;5;239m▄[38;5;235;48;5;236m▄[38;5;237;48;5;238m▄[38;5;239;48;5;60m▄[0m[7m[38;5;236m▄[0m  [7m[38;5;241m▄[0m[38;5;240;48;5;236m▄[38;5;237;48;5;234m▄[48;5;235m▄[38;5;238m▄[0m[7m[38;5;238m▄[0m                        [0m
         [38;5;242m▄[38;5;241;48;5;242m▄[38;5;239;48;5;240m▄[38;5;237;48;5;239m▄[38;5;235;48;5;237m▄[38;5;233;48;5;235m▄[38;5;232;48;5;233m▄[48;5;232m▄▄▄▄▄[38;5;233m▄▄▄▄[38;5;234;48;5;233m▄▄[38;5;235m▄▄▄[48;5;234m▄[48;5;233m▄▄[38;5;234m▄[38;5;233m▄[38;5;232;48;5;232m▄[38;5;235;48;5;236m▄[38;5;237;48;5;237m▄[38;5;234;48;5;234m▄[38;5;235;48;5;235m▄[38;5;234;48;5;233m▄[48;5;234m▄[38;5;233;48;5;233m▄[38;5;234;48;5;235m▄[38;5;232;48;5;233m▄[38;5;236;48;5;235m▄[38;5;238;48;5;239m▄[38;5;239;48;5;60m▄[38;5;233;48;5;234m▄▄[38;5;234;48;5;236m▄[38;5;236;48;5;238m▄[0m    [38;5;236;48;5;239m▄[38;5;235;48;5;237m▄[38;5;236m▄[38;5;235;48;5;8m▄[0m                         [0m
       [38;5;242m▄[38;5;67;48;5;242m▄[38;5;239m▄[38;5;238;48;5;59m▄[38;5;235;48;5;239m▄[38;5;233;48;5;235m▄[38;5;232;48;5;233m▄[48;5;232m▄▄▄▄[38;5;233m▄[48;5;233m▄[38;5;234m▄[38;5;236m▄[38;5;237;48;5;234m▄[38;5;236;48;5;235m▄[38;5;235m▄[38;5;236m▄[38;5;235;48;5;236m▄[38;5;234m▄[48;5;8m▄[38;5;233m▄[38;5;232;48;5;235m▄▄[38;5;233;48;5;236m▄[38;5;236;48;5;235m▄[38;5;8;48;5;234m▄[38;5;238m▄[48;5;236m▄[38;5;237;48;5;237m▄[38;5;234;48;5;234m▄[48;5;235m▄[38;5;233;48;5;233m▄▄[38;5;234;48;5;234m▄[38;5;233;48;5;233m▄▄[38;5;235;48;5;235m▄[38;5;8;48;5;238m▄[38;5;233;48;5;235m▄[48;5;233m▄[38;5;234m▄[0m[7m[38;5;235m▄[0m     [7m[38;5;236m▄[0m[38;5;236;48;5;235m▄[38;5;234;48;5;233m▄[38;5;235m▄[38;5;237;48;5;236m▄[38;5;236m▄[0m[38;5;240m▄[0m                      [0m
       [38;5;6;48;5;66m▄[38;5;24;48;5;25m▄[38;5;236;48;5;23m▄[38;5;23;48;5;237m▄[38;5;24;48;5;234m▄[38;5;233;48;5;233m▄[38;5;232;48;5;232m▄▄[38;5;233m▄[38;5;234m▄[38;5;235;48;5;233m▄[38;5;237;48;5;234m▄[38;5;8;48;5;235m▄[38;5;235;48;5;237m▄[38;5;234m▄[38;5;233;48;5;236m▄[48;5;235m▄[48;5;234m▄[38;5;236;48;5;233m▄[48;5;234m▄[0m[7m[38;5;236m▄[38;5;235m▄▄[0m[38;5;8;48;5;235m▄[38;5;234;48;5;233m▄[38;5;233;48;5;232m▄[48;5;233m▄[38;5;236;48;5;238m▄[0m[38;5;239m▄[0m [38;5;236;48;5;237m▄[38;5;23;48;5;233m▄[38;5;235;48;5;234m▄[38;5;23;48;5;233m▄[38;5;232m▄[38;5;234;48;5;234m▄[38;5;232;48;5;233m▄[38;5;233m▄[38;5;237;48;5;235m▄[38;5;235;48;5;236m▄[0m[7m[38;5;234m▄[38;5;235m▄[0m          [7m[38;5;235m▄▄[0m[38;5;235;48;5;240m▄[0m[7m[38;5;110m▄▄[0m[38;5;238;48;5;66m▄[0m[38;5;236m▄[38;5;240m▄[38;5;66m▄[0m                 [0m
        [38;5;24;48;5;31m▄[48;5;23m▄[38;5;234;48;5;235m▄[38;5;237;48;5;236m▄[38;5;240;48;5;237m▄[38;5;237;48;5;233m▄[38;5;235m▄[48;5;234m▄[38;5;237;48;5;236m▄[48;5;238m▄[38;5;234;48;5;236m▄[38;5;236;48;5;233m▄▄[38;5;238;48;5;234m▄▄[0m[7m[38;5;236m▄[38;5;238m▄[0m     [7m[38;5;237m▄[0m[38;5;8;48;5;237m▄[38;5;234;48;5;233m▄[38;5;233;48;5;232m▄[38;5;235;48;5;236m▄[38;5;237;48;5;239m▄[0m[38;5;8m▄[38;5;237;48;5;236m▄[38;5;234;48;5;234m▄▄[38;5;232m▄[48;5;232m▄[48;5;233m▄[38;5;234m▄[38;5;8;48;5;234m▄[0m                      [7m[38;5;67m▄[38;5;74m▄[38;5;240m▄[0m[38;5;235;48;5;240m▄[0m[38;5;240m▄[38;5;116m▄[38;5;73m▄[0m           [0m
          [7m[38;5;24m▄[38;5;8m▄[38;5;235m▄[38;5;8m▄[38;5;236m▄[38;5;237m▄[38;5;238m▄[38;5;239m▄▄[38;5;8m▄[38;5;237m▄[0m          [7m[38;5;239m▄[0m[38;5;235;48;5;235m▄[38;5;232;48;5;233m▄[38;5;234m▄[38;5;236;48;5;238m▄[0m [38;5;238;48;5;8m▄[38;5;233;48;5;234m▄[38;5;234;48;5;233m▄[38;5;232;48;5;232m▄[38;5;233m▄[38;5;235;48;5;233m▄[38;5;238;48;5;236m▄[0m                             [7m[38;5;73m▄[38;5;117m▄▄[0m[38;5;73;48;5;73m▄[0m[38;5;117m▄▄[38;5;73m▄[0m     [0m
                                [7m[38;5;238m▄[0m[38;5;235;48;5;234m▄[48;5;236m▄[0m[7m[38;5;238m▄[0m [38;5;237;48;5;8m▄[38;5;233;48;5;233m▄[38;5;234;48;5;234m▄[38;5;232;48;5;232m▄[38;5;236;48;5;233m▄[38;5;60;48;5;8m▄[0m                                    [7m[38;5;73m▄[38;5;103m▄[0m    [0m
                                    [38;5;238;48;5;239m▄[38;5;235;48;5;236m▄[38;5;234;48;5;234m▄[38;5;233;48;5;233m▄[38;5;235m▄[38;5;237;48;5;238m▄[38;5;239;48;5;59m▄[0m                                          [0m
                                    [38;5;236;48;5;235m▄[38;5;234;48;5;233m▄[38;5;232m▄[38;5;233m▄[38;5;234;48;5;235m▄[38;5;236m▄[38;5;238;48;5;8m▄[0m                                          [0m
                                   [38;5;237;48;5;8m▄[38;5;234;48;5;236m▄[48;5;234m▄[38;5;233;48;5;233m▄[38;5;234;48;5;234m▄[38;5;236;48;5;236m▄[38;5;239;48;5;238m▄[0m                                           [0m
                                  [38;5;240;48;5;8m▄[38;5;234;48;5;236m▄[38;5;233;48;5;233m▄[48;5;234m▄[48;5;233m▄[38;5;236;48;5;235m▄[38;5;60;48;5;240m▄[0m[7m[38;5;237m▄[0m                                           [0m
                                 [38;5;237m▄[38;5;234;48;5;238m▄[38;5;233;48;5;233m▄▄[48;5;232m▄[38;5;235;48;5;233m▄[38;5;239;48;5;240m▄[0m[7m[38;5;240m▄[0m                                            [0m
                               [38;5;238m▄[38;5;8;48;5;239m▄[38;5;235;48;5;233m▄[38;5;234;48;5;234m▄▄[48;5;233m▄[38;5;233;48;5;232m▄[38;5;234;48;5;234m▄[0m[7m[38;5;240m▄[0m                                             [0m
                               [38;5;241;48;5;59m▄[38;5;236;48;5;236m▄[48;5;234m▄[38;5;235m▄▄[38;5;234m▄[38;5;8m▄[38;5;238;48;5;238m▄[0m                                              [0m
                               [38;5;237;48;5;59m▄[38;5;234;48;5;236m▄[38;5;236;48;5;234m▄[38;5;239;48;5;237m▄[48;5;239m▄[38;5;238m▄[0m[7m[38;5;239m▄[0m                                               [0m
                                [7m[38;5;234m▄[38;5;8m▄[38;5;237m▄[0m                                                  [0m
                                                                                     [0m
                                                                                     [0m
[?25h
