DATABASE: SPIDER-MAN
IDENTITY: Peter Parker
STATUS: Active
THREAT LEVEL: Avengers Class
[?25l[0m                                                                                          [0m
                                                                                          [0m
                                                                                          [0m
                                                                                          [0m
                                         [38;5;95m▄[38;5;167m▄[38;5;203m▄▄[38;5;166;48;5;239m▄[0m[38;5;203m▄▄[38;5;167m▄[0m                                         [0m
                                       [38;5;124m▄[38;5;160;48;5;167m▄[38;5;196;48;5;196m▄▄▄▄[38;5;160;48;5;160m▄[38;5;196;48;5;196m▄▄▄[48;5;203m▄[38;5;9;48;5;131m▄[0m[38;5;1m▄[0m                                      [0m
                                      [38;5;124m▄[38;5;160;48;5;160m▄▄[48;5;196m▄▄▄[48;5;160m▄[48;5;124m▄[48;5;160m▄[48;5;196m▄[38;5;196m▄▄[38;5;160;48;5;160m▄[38;5;196;48;5;166m▄[0m[38;5;88m▄[0m                                     [0m
             [38;5;95m▄[38;5;131m▄▄[38;5;235;48;5;239m▄[48;5;24m▄[38;5;17m▄[38;5;234m▄▄[38;5;17;48;5;23m▄[0m[38;5;23m▄▄▄[0m             [38;5;160;48;5;160m▄▄[38;5;124;48;5;124m▄[38;5;160;48;5;160m▄▄▄[38;5;196;48;5;196m▄[38;5;160;48;5;160m▄[38;5;196;48;5;196m▄[48;5;160m▄▄[38;5;160m▄[38;5;124;48;5;124m▄[38;5;196;48;5;196m▄[48;5;160m▄[0m                                     [0m
     [38;5;1m▄[38;5;124m▄[38;5;1m▄[38;5;124m▄[38;5;160m▄[48;5;130m▄[48;5;167m▄▄[48;5;160m▄▄[38;5;237;48;5;89m▄[38;5;17;48;5;23m▄▄▄▄[48;5;17m▄▄▄[48;5;234m▄[38;5;234;48;5;17m▄[48;5;23m▄[38;5;95;48;5;24m▄[38;5;167;48;5;8m▄[38;5;166;48;5;95m▄[38;5;202;48;5;131m▄[38;5;196m▄[38;5;202;48;5;95m▄[0m[38;5;202m▄[38;5;203m▄[38;5;95m▄[0m   [38;5;52;48;5;88m▄[38;5;233;48;5;124m▄[38;5;124;48;5;160m▄[38;5;160;48;5;124m▄[48;5;196m▄▄▄[38;5;124;48;5;160m▄[38;5;160;48;5;196m▄▄▄[48;5;160m▄▄[38;5;234;48;5;124m▄[38;5;52;48;5;160m▄[0m           [38;5;23m▄[38;5;24m▄▄▄[38;5;17;48;5;24m▄▄[48;5;23m▄▄▄▄▄[48;5;24m▄[38;5;236;48;5;237m▄[0m[38;5;167m▄[38;5;95m▄[0m  [38;5;130m▄[0m  [38;5;124;48;5;95m▄[0m[7m[38;5;1m▄[0m    [0m
   [38;5;95m▄[38;5;167m▄[38;5;130m▄[38;5;160;48;5;1m▄[48;5;124m▄[38;5;124;48;5;160m▄▄[38;5;88m▄[38;5;1;48;5;124m▄▄[38;5;88;48;5;88m▄[38;5;1m▄[38;5;52;48;5;235m▄[38;5;234;48;5;234m▄[38;5;233m▄[38;5;234;48;5;17m▄▄[38;5;233m▄[38;5;17;48;5;23m▄[38;5;23m▄▄[38;5;17;48;5;17m▄[38;5;1;48;5;88m▄[38;5;160;48;5;124m▄[48;5;160m▄[38;5;196m▄▄▄▄[38;5;160m▄[38;5;124m▄[38;5;160m▄[48;5;130m▄[38;5;166;48;5;95m▄[38;5;167;48;5;1m▄[38;5;233;48;5;52m▄[38;5;243;48;5;236m▄[38;5;254;48;5;235m▄[38;5;243;48;5;124m▄[38;5;52m▄[38;5;160;48;5;160m▄[38;5;196;48;5;196m▄[38;5;160;48;5;160m▄[38;5;196;48;5;196m▄[38;5;160;48;5;160m▄[38;5;1;48;5;124m▄[38;5;243m▄[38;5;255;48;5;238m▄[38;5;242;48;5;236m▄[38;5;52;48;5;52m▄[0m[38;5;239m▄[38;5;238m▄[38;5;167m▄[38;5;166;48;5;95m▄[38;5;160;48;5;167m▄[38;5;196;48;5;203m▄▄[38;5;160;48;5;167m▄[48;5;131m▄▄[48;5;60m▄[38;5;236;48;5;23m▄[38;5;17;48;5;17m▄▄▄▄▄▄▄▄[48;5;23m▄▄▄▄[38;5;124;48;5;89m▄[48;5;160m▄[38;5;160;48;5;166m▄[48;5;167m▄[38;5;124;48;5;166m▄[48;5;124m▄[48;5;160m▄[0m[7m[38;5;1m▄[0m     [0m
   [7m[38;5;1m▄[38;5;88m▄[38;5;124m▄[0m[38;5;124;48;5;124m▄▄[38;5;1m▄[38;5;88;48;5;1m▄[48;5;88m▄[48;5;1m▄[38;5;124;48;5;88m▄[0m  [7m[38;5;235m▄[38;5;234m▄▄[0m[38;5;234;48;5;234m▄[48;5;233m▄▄[38;5;17;48;5;17m▄[38;5;23m▄▄▄[38;5;234;48;5;52m▄[38;5;160;48;5;160m▄[48;5;124m▄[48;5;196m▄[38;5;196m▄▄▄▄[48;5;160m▄[38;5;160m▄[38;5;196m▄[38;5;160;48;5;124m▄[38;5;196;48;5;160m▄[38;5;1;48;5;52m▄[38;5;8;48;5;242m▄[38;5;254;48;5;254m▄[38;5;231;48;5;231m▄[48;5;244m▄[38;5;238;48;5;88m▄[38;5;160;48;5;196m▄[48;5;160m▄[38;5;124;48;5;196m▄[38;5;240;48;5;1m▄[38;5;231;48;5;246m▄[48;5;231m▄▄[38;5;237;48;5;241m▄[38;5;124;48;5;88m▄[48;5;167m▄[48;5;160m▄[38;5;160m▄[38;5;124m▄[38;5;160;48;5;124m▄[38;5;196;48;5;160m▄▄▄▄[38;5;160m▄[48;5;124m▄[38;5;124m▄[38;5;234;48;5;234m▄[38;5;23;48;5;17m▄[38;5;24m▄▄[38;5;23m▄[38;5;17m▄[38;5;234m▄[48;5;234m▄▄[48;5;17m▄▄[38;5;235;48;5;234m▄[38;5;52;48;5;1m▄[38;5;1m▄[48;5;88m▄[38;5;88m▄[48;5;124m▄[48;5;160m▄▄[38;5;124;48;5;124m▄[38;5;88;48;5;166m▄[38;5;52;48;5;124m▄[0m   [0m
     [38;5;166m▄[38;5;88;48;5;124m▄[38;5;1;48;5;88m▄[38;5;52;48;5;1m▄[38;5;124;48;5;88m▄[38;5;1;48;5;124m▄[0m          [7m[38;5;234m▄[0m[38;5;234;48;5;17m▄▄▄[48;5;234m▄[48;5;1m▄[38;5;124;48;5;160m▄[38;5;160;48;5;124m▄[48;5;196m▄[38;5;196m▄[38;5;160m▄▄[48;5;160m▄[48;5;124m▄[38;5;124;48;5;160m▄[38;5;160;48;5;124m▄▄[38;5;124;48;5;88m▄[38;5;88;48;5;52m▄[38;5;235;48;5;248m▄[38;5;244;48;5;231m▄[38;5;248m▄[38;5;239;48;5;248m▄[38;5;88;48;5;52m▄[38;5;124;48;5;124m▄[48;5;233m▄[38;5;239;48;5;249m▄[38;5;248;48;5;231m▄[38;5;244m▄[38;5;52;48;5;247m▄[38;5;160;48;5;1m▄[38;5;124;48;5;160m▄▄[38;5;160;48;5;196m▄[48;5;160m▄▄[38;5;196;48;5;196m▄▄▄▄[38;5;124;48;5;160m▄[38;5;160m▄▄[38;5;234;48;5;52m▄[38;5;235;48;5;234m▄[38;5;17;48;5;23m▄▄▄[48;5;17m▄[38;5;234m▄[0m[7m[38;5;234m▄▄▄▄▄[38;5;88m▄[38;5;1m▄[0m [7m[38;5;52m▄[0m[38;5;160;48;5;160m▄[38;5;124;48;5;124m▄[38;5;1;48;5;88m▄[0m[7m[38;5;1m▄[38;5;52m▄[38;5;88m▄[0m    [0m
   [38;5;52m▄[38;5;88;48;5;124m▄[0m[7m[38;5;88m▄[0m   [38;5;52;48;5;124m▄[38;5;124m▄[0m[38;5;124m▄[0m           [7m[38;5;234m▄[0m[38;5;234;48;5;234m▄▄[48;5;233m▄[38;5;233;48;5;234m▄[38;5;234;48;5;124m▄[38;5;88m▄[38;5;124m▄[38;5;160;48;5;160m▄[38;5;196;48;5;196m▄[48;5;160m▄[38;5;160;48;5;196m▄▄[48;5;160m▄[38;5;124m▄[38;5;160;48;5;124m▄[38;5;88;48;5;1m▄[48;5;88m▄[38;5;124;48;5;52m▄▄[48;5;124m▄▄[38;5;160;48;5;160m▄[38;5;124m▄[38;5;160;48;5;124m▄[48;5;1m▄[48;5;88m▄[48;5;160m▄[38;5;124;48;5;124m▄[38;5;196;48;5;160m▄[38;5;160;48;5;196m▄[48;5;160m▄[48;5;124m▄[38;5;196;48;5;160m▄▄[38;5;160;48;5;196m▄▄[38;5;124;48;5;160m▄[48;5;124m▄[38;5;1;48;5;160m▄[38;5;234;48;5;52m▄[48;5;233m▄[48;5;234m▄[48;5;17m▄▄[0m[7m[38;5;235m▄[38;5;234m▄[0m          [38;5;1;48;5;124m▄▄[0m        [0m
   [7m[38;5;88m▄[0m      [38;5;52;48;5;88m▄[38;5;1;48;5;124m▄[0m               [7m[38;5;234m▄[0m[38;5;234;48;5;234m▄[38;5;233m▄[48;5;88m▄[38;5;1;48;5;124m▄[38;5;124m▄[48;5;160m▄[38;5;160m▄[38;5;196m▄[38;5;124m▄[38;5;160;48;5;124m▄▄[38;5;124;48;5;160m▄[38;5;88;48;5;1m▄[38;5;1;48;5;124m▄[38;5;124m▄[38;5;88;48;5;88m▄[38;5;124;48;5;124m▄[38;5;160;48;5;160m▄[48;5;124m▄[48;5;160m▄▄[38;5;124m▄[48;5;124m▄[48;5;160m▄[48;5;124m▄[38;5;160;48;5;160m▄[38;5;196m▄[38;5;160m▄[48;5;196m▄[38;5;124m▄[48;5;160m▄[48;5;124m▄[38;5;52;48;5;88m▄[38;5;233;48;5;52m▄[38;5;234;48;5;234m▄[0m[7m[38;5;234m▄▄[0m                [38;5;124;48;5;88m▄[0m        [0m
                             [38;5;233;48;5;233m▄▄▄[48;5;234m▄[38;5;234;48;5;124m▄[38;5;88m▄[48;5;160m▄[38;5;160m▄▄▄▄[48;5;124m▄[48;5;88m▄[38;5;1;48;5;1m▄▄[38;5;88;48;5;88m▄[38;5;124;48;5;124m▄[48;5;160m▄[38;5;88;48;5;124m▄[38;5;124m▄[38;5;160;48;5;88m▄[48;5;160m▄▄▄[38;5;124m▄[38;5;160;48;5;196m▄[38;5;88;48;5;160m▄[38;5;124;48;5;124m▄[38;5;52m▄[38;5;233;48;5;88m▄[48;5;234m▄[38;5;234;48;5;233m▄[0m[7m[38;5;234m▄▄[0m                           [0m
                             [7m[38;5;233m▄[0m[38;5;234;48;5;233m▄[38;5;233m▄▄[38;5;234;48;5;234m▄[48;5;52m▄[38;5;160;48;5;124m▄▄[48;5;160m▄▄[38;5;124m▄[38;5;160m▄▄[38;5;124;48;5;124m▄[38;5;88;48;5;52m▄[38;5;52m▄[38;5;124m▄[38;5;1;48;5;88m▄[38;5;160;48;5;124m▄[48;5;160m▄▄▄▄▄[48;5;124m▄[38;5;88;48;5;88m▄[38;5;234;48;5;52m▄[38;5;233;48;5;233m▄▄[48;5;234m▄▄[0m[7m[38;5;234m▄[0m                             [0m
                              [7m[38;5;234m▄[0m[38;5;17;48;5;235m▄[38;5;234;48;5;233m▄[38;5;233;48;5;234m▄[38;5;234m▄[38;5;235;48;5;1m▄[38;5;160;48;5;160m▄▄[48;5;124m▄[38;5;124m▄[38;5;160;48;5;160m▄[38;5;88m▄[38;5;52;48;5;52m▄[38;5;88;48;5;124m▄[38;5;232;48;5;232m▄[38;5;52;48;5;1m▄[48;5;88m▄[48;5;124m▄[38;5;160;48;5;196m▄[38;5;124;48;5;160m▄[38;5;160m▄▄▄[38;5;124;48;5;196m▄[38;5;235;48;5;235m▄[38;5;234;48;5;234m▄[38;5;233;48;5;233m▄[48;5;232m▄[38;5;234;48;5;233m▄[0m[7m[38;5;233m▄[0m                              [0m
                               [7m[38;5;235m▄[0m[38;5;235;48;5;17m▄[48;5;234m▄[38;5;233;48;5;233m▄[48;5;234m▄[38;5;52;48;5;124m▄[38;5;124;48;5;160m▄[38;5;160m▄▄▄[38;5;1;48;5;124m▄[38;5;88;48;5;88m▄[48;5;52m▄[38;5;232;48;5;232m▄[38;5;52m▄[38;5;1;48;5;1m▄[48;5;88m▄[38;5;160;48;5;160m▄[38;5;124;48;5;124m▄[38;5;160;48;5;160m▄▄[38;5;88m▄[38;5;234;48;5;235m▄[48;5;234m▄[38;5;233;48;5;233m▄[38;5;234m▄[38;5;235;48;5;234m▄[0m[7m[38;5;234m▄[0m                               [0m
                                 [7m[38;5;235m▄[0m[38;5;235;48;5;235m▄[38;5;234;48;5;233m▄[38;5;233m▄[38;5;52;48;5;88m▄[38;5;88m▄[38;5;1;48;5;124m▄▄[38;5;88m▄[38;5;52;48;5;52m▄[48;5;1m▄[38;5;232;48;5;232m▄[38;5;233;48;5;233m▄[38;5;52;48;5;88m▄[38;5;1;48;5;52m▄[38;5;88;48;5;160m▄[38;5;1;48;5;124m▄[38;5;88m▄[38;5;1m▄[38;5;233;48;5;234m▄[48;5;233m▄[38;5;234m▄[38;5;17;48;5;234m▄[0m[7m[38;5;17m▄[0m                                 [0m
                                  [7m[38;5;235m▄[0m[38;5;235;48;5;234m▄[38;5;233;48;5;233m▄[48;5;234m▄[38;5;88;48;5;1m▄▄▄▄▄[48;5;52m▄▄[48;5;1m▄[48;5;52m▄[48;5;1m▄[38;5;1m▄▄[38;5;52m▄[38;5;233;48;5;52m▄[48;5;233m▄[38;5;234;48;5;234m▄[48;5;235m▄[0m                [38;5;23m▄▄[38;5;24m▄▄▄[0m              [0m
             [38;5;24m▄▄[38;5;25m▄▄[38;5;24m▄▄▄▄▄▄▄▄[38;5;23m▄[0m         [38;5;17;48;5;235m▄[38;5;234;48;5;233m▄[38;5;233m▄[38;5;52;48;5;1m▄[38;5;1;48;5;88m▄[38;5;52m▄▄▄▄▄▄[38;5;1m▄▄▄▄[38;5;234;48;5;52m▄[38;5;233;48;5;233m▄▄[38;5;235;48;5;234m▄[0m      [38;5;23m▄[38;5;24m▄▄[48;5;23m▄[38;5;23;48;5;24m▄▄[38;5;17;48;5;25m▄▄[48;5;24m▄▄▄▄▄▄[48;5;23m▄▄▄[0m[38;5;17m▄[0m            [0m
           [38;5;17m▄[48;5;24m▄[48;5;17m▄▄▄▄[38;5;234m▄▄▄▄▄▄[48;5;23m▄[38;5;235m▄[38;5;17;48;5;24m▄▄▄▄[38;5;23;48;5;23m▄[0m[38;5;24m▄[38;5;23m▄[0m   [38;5;237;48;5;17m▄[38;5;234;48;5;234m▄[38;5;233;48;5;233m▄[38;5;234;48;5;52m▄[38;5;52m▄▄▄▄▄▄▄▄▄▄▄[38;5;233;48;5;233m▄▄[38;5;234;48;5;234m▄[38;5;235;48;5;235m▄[0m  [38;5;23m▄[38;5;24m▄[38;5;23;48;5;24m▄[38;5;17m▄▄[48;5;17m▄[38;5;234m▄▄▄▄▄▄▄[48;5;234m▄▄▄▄[48;5;17m▄[38;5;17m▄▄▄▄[38;5;234;48;5;234m▄[0m           [0m
           [38;5;17;48;5;17m▄▄▄[38;5;234m▄▄[48;5;234m▄▄[38;5;233;48;5;233m▄▄[38;5;234m▄[48;5;234m▄[38;5;233m▄[38;5;234m▄[38;5;233m▄[38;5;234m▄▄▄▄[48;5;17m▄▄▄[48;5;23m▄[38;5;17m▄[0m[38;5;23m▄[38;5;1;48;5;160m▄[38;5;124;48;5;88m▄[38;5;1;48;5;52m▄[48;5;234m▄[48;5;52m▄[38;5;52m▄[38;5;1m▄▄▄[38;5;52m▄▄[38;5;1m▄[38;5;52m▄[38;5;1m▄[38;5;52;48;5;234m▄[48;5;233m▄[38;5;1m▄[38;5;124;48;5;235m▄[38;5;89;48;5;237m▄[0m[38;5;24m▄[38;5;17;48;5;24m▄[48;5;23m▄[38;5;234;48;5;17m▄▄[48;5;234m▄▄[38;5;233m▄[48;5;233m▄[48;5;234m▄[48;5;233m▄▄▄▄▄[38;5;234;48;5;234m▄▄▄[38;5;233m▄▄[38;5;234m▄[48;5;17m▄[48;5;234m▄▄[0m[7m[38;5;234m▄[0m           [0m
           [38;5;234;48;5;235m▄[48;5;234m▄▄[38;5;233m▄▄[38;5;234m▄▄▄▄▄[38;5;233;48;5;233m▄[38;5;17m▄▄▄[38;5;234m▄[38;5;233m▄[48;5;234m▄[38;5;234m▄▄▄▄▄▄▄[48;5;17m▄[38;5;17;48;5;236m▄[38;5;236;48;5;1m▄[38;5;1m▄▄[38;5;52m▄[38;5;1m▄▄▄[48;5;52m▄[38;5;88;48;5;1m▄▄[38;5;1m▄▄[48;5;88m▄▄[38;5;236m▄[38;5;17;48;5;238m▄[48;5;23m▄[38;5;234;48;5;17m▄[48;5;234m▄▄▄▄▄▄[38;5;233m▄[48;5;233m▄[38;5;17m▄[48;5;17m▄▄▄[38;5;234;48;5;234m▄[48;5;233m▄[38;5;233;48;5;234m▄[38;5;234m▄▄▄[38;5;233;48;5;233m▄[48;5;234m▄[38;5;234;48;5;233m▄[48;5;234m▄[0m[7m[38;5;234m▄[0m            [0m
            [7m[38;5;234m▄[0m[38;5;234;48;5;234m▄[48;5;233m▄▄[48;5;234m▄▄▄▄▄▄[48;5;17m▄[38;5;17m▄▄▄[48;5;234m▄[38;5;234;48;5;233m▄[38;5;233m▄[48;5;234m▄[38;5;234m▄▄▄▄▄▄▄[48;5;17m▄[48;5;235m▄[38;5;235;48;5;1m▄[38;5;1m▄[38;5;88m▄▄▄[38;5;1;48;5;52m▄[38;5;88;48;5;1m▄▄[38;5;1;48;5;52m▄[38;5;88;48;5;88m▄[38;5;1m▄[38;5;235;48;5;52m▄[48;5;17m▄[38;5;234m▄[48;5;234m▄▄[48;5;233m▄[48;5;234m▄▄▄[38;5;233m▄[48;5;233m▄[38;5;234m▄[38;5;17;48;5;17m▄▄▄[38;5;235m▄[38;5;234;48;5;234m▄▄▄▄▄▄[48;5;233m▄[48;5;234m▄[0m[7m[38;5;234m▄[0m               [0m
               [7m[38;5;235m▄[0m[38;5;235;48;5;234m▄[38;5;234;48;5;233m▄[48;5;234m▄▄▄▄▄[48;5;17m▄▄[38;5;17m▄▄▄[38;5;234;48;5;234m▄[38;5;233;48;5;233m▄[38;5;234m▄[38;5;233;48;5;234m▄[38;5;234m▄▄▄▄▄▄▄▄[48;5;235m▄[48;5;88m▄[38;5;1m▄[38;5;88m▄[38;5;1;48;5;1m▄[48;5;88m▄[38;5;52m▄[38;5;234;48;5;1m▄▄[48;5;235m▄[48;5;234m▄▄[48;5;233m▄[48;5;234m▄▄▄▄▄▄[38;5;52;48;5;233m▄[38;5;234m▄[48;5;234m▄▄▄▄▄▄▄▄▄▄▄▄[0m[7m[38;5;234m▄[0m                [0m
                 [7m[38;5;235m▄[0m[38;5;235;48;5;234m▄▄[38;5;234m▄▄[38;5;233m▄[38;5;234m▄[38;5;233m▄▄[38;5;234m▄▄▄▄[38;5;88;48;5;52m▄[38;5;52;48;5;233m▄[38;5;233;48;5;234m▄▄[38;5;234m▄▄▄▄▄[48;5;233m▄[48;5;234m▄▄[48;5;233m▄[48;5;52m▄[48;5;235m▄[48;5;234m▄[48;5;233m▄[48;5;234m▄▄▄▄▄▄▄▄▄[38;5;233m▄[38;5;234m▄[38;5;1m▄[48;5;1m▄[38;5;234;48;5;234m▄▄▄▄[38;5;233m▄[38;5;234m▄▄▄▄[38;5;17m▄[38;5;234m▄[0m[7m[38;5;234m▄[0m                  [0m
                   [7m[38;5;235m▄[0m[38;5;235;48;5;17m▄[38;5;17;48;5;234m▄▄[38;5;234;48;5;233m▄▄▄[38;5;233m▄▄▄[38;5;1;48;5;234m▄[38;5;88;48;5;1m▄[38;5;1;48;5;88m▄[38;5;88;48;5;235m▄[38;5;234;48;5;233m▄[38;5;233;48;5;234m▄[38;5;234m▄▄▄▄▄▄▄▄▄▄▄▄▄▄▄▄▄▄▄▄[38;5;233m▄[38;5;52;48;5;233m▄[38;5;1;48;5;52m▄[38;5;88;48;5;1m▄[48;5;88m▄[38;5;124;48;5;52m▄[38;5;52;48;5;233m▄[38;5;233m▄[38;5;234m▄▄[48;5;234m▄[38;5;17m▄[38;5;235;48;5;17m▄[0m[7m[38;5;17m▄[38;5;234m▄[0m                    [0m
                      [7m[38;5;235m▄▄[0m[38;5;235;48;5;234m▄▄[38;5;234m▄[38;5;52;48;5;233m▄[38;5;124;48;5;52m▄[48;5;88m▄[38;5;88m▄▄▄[38;5;1;48;5;1m▄[48;5;52m▄[48;5;233m▄[38;5;234m▄[38;5;233m▄[48;5;234m▄▄▄▄[38;5;234m▄▄▄▄▄[38;5;233m▄[38;5;234m▄[38;5;233m▄▄[48;5;233m▄▄[38;5;234;48;5;234m▄[38;5;52;48;5;233m▄[38;5;1;48;5;52m▄[38;5;88m▄[48;5;88m▄[38;5;160;48;5;124m▄▄[38;5;124m▄[48;5;160m▄[38;5;160;48;5;52m▄[38;5;88;48;5;234m▄[0m[7m[38;5;235m▄▄[0m                        [0m
                          [7m[38;5;52m▄[38;5;124m▄▄[0m[38;5;88;48;5;124m▄[38;5;160m▄[38;5;124m▄[48;5;88m▄▄[38;5;88m▄[48;5;1m▄[38;5;1;48;5;124m▄[38;5;160;48;5;52m▄[38;5;88m▄[48;5;235m▄[38;5;235;48;5;234m▄[0m[7m[38;5;235m▄[38;5;234m▄▄[0m [7m[38;5;235m▄▄[38;5;17m▄▄[38;5;235m▄[0m[38;5;52;48;5;234m▄[38;5;1;48;5;52m▄[38;5;124;48;5;1m▄[38;5;1;48;5;124m▄[38;5;88;48;5;1m▄[38;5;124;48;5;124m▄[38;5;160m▄[48;5;160m▄[48;5;124m▄[38;5;1;48;5;160m▄[0m[7m[38;5;160m▄[38;5;124m▄[0m                            [0m
                                [7m[38;5;124m▄[38;5;160m▄[0m[38;5;124;48;5;124m▄[38;5;160;48;5;88m▄[38;5;124m▄[38;5;88m▄[38;5;1;48;5;124m▄[38;5;88;48;5;88m▄[38;5;160;48;5;124m▄[0m        [38;5;88m▄[48;5;124m▄[38;5;1;48;5;88m▄[38;5;88m▄[38;5;160;48;5;124m▄[48;5;160m▄[38;5;124;48;5;124m▄[0m[7m[38;5;160m▄[0m                                 [0m
                                   [7m[38;5;88m▄[0m[38;5;124;48;5;124m▄[48;5;160m▄[38;5;160;48;5;88m▄[38;5;1;48;5;1m▄[38;5;88;48;5;124m▄[38;5;160;48;5;88m▄[0m       [38;5;124;48;5;124m▄[38;5;1;48;5;88m▄[38;5;160m▄[48;5;124m▄[48;5;160m▄[0m[7m[38;5;124m▄[0m                                   [0m
                                     [38;5;124;48;5;160m▄[38;5;160m▄▄[38;5;124;48;5;1m▄[38;5;1;48;5;124m▄[38;5;124m▄[0m[38;5;1m▄[0m   [38;5;88m▄[48;5;124m▄[38;5;124;48;5;88m▄[38;5;160;48;5;124m▄[48;5;160m▄▄[38;5;88m▄[0m                                    [0m
                                     [7m[38;5;1m▄[0m[38;5;160;48;5;160m▄[38;5;124m▄[38;5;160m▄[48;5;124m▄[38;5;124;48;5;1m▄[38;5;1;48;5;88m▄[0m[38;5;1m▄[0m [38;5;1m▄[38;5;88;48;5;88m▄[38;5;160m▄[48;5;160m▄▄[38;5;124m▄[38;5;160m▄[0m                                     [0m
                                      [38;5;160;48;5;160m▄▄[38;5;124m▄[38;5;196m▄[38;5;160m▄[38;5;124;48;5;88m▄[38;5;88m▄[48;5;52m▄[38;5;124;48;5;88m▄[38;5;160m▄[48;5;160m▄▄▄▄[38;5;124;48;5;196m▄[0m                                     [0m
                                      [7m[38;5;124m▄[0m[38;5;160;48;5;160m▄▄▄▄▄[38;5;124;48;5;124m▄[38;5;88;48;5;88m▄[38;5;160;48;5;124m▄[48;5;160m▄▄▄▄[48;5;196m▄[0m                                      [0m
                                        [38;5;1;48;5;160m▄[38;5;160m▄[48;5;124m▄[38;5;124;48;5;160m▄[38;5;160;48;5;124m▄[38;5;88;48;5;88m▄[38;5;160;48;5;160m▄[38;5;124m▄[38;5;160;48;5;124m▄[48;5;160m▄[38;5;1m▄[0m                                       [0m
                                          [7m[38;5;160m▄▄[38;5;124m▄[38;5;1m▄[38;5;124m▄[38;5;160m▄▄[0m                                         [0m
                                                                                          [0m
                                                                                          [0m
                                                                                          [0m
                                                                                          [0m
[?25h
