DATABASE: THANOS
IDENTITY: Thanos of Titan
STATUS: Deceased
THREAT LEVEL: Universal Threat
[?25l[0m                                         [38;5;250m▄[38;5;255m▄[38;5;231m▄[38;5;255m▄[38;5;253m▄[38;5;246m▄[0m                                      [0m
                                      [38;5;244m▄[38;5;146;48;5;247m▄[48;5;189m▄[48;5;182m▄[38;5;140m▄[48;5;146m▄▄[38;5;104;48;5;140m▄[38;5;103m▄[38;5;140;48;5;182m▄[0m[38;5;225m▄[0m                                    [0m
                                     [38;5;96m▄[38;5;140;48;5;146m▄[48;5;140m▄[38;5;104;48;5;104m▄[48;5;140m▄[48;5;104m▄▄[38;5;103;48;5;103m▄[38;5;97;48;5;97m▄[38;5;60;48;5;60m▄[48;5;61m▄[38;5;146;48;5;188m▄[38;5;255;48;5;255m▄[0m                                   [0m
                                     [38;5;182;48;5;139m▄[38;5;140;48;5;140m▄[38;5;104;48;5;103m▄[48;5;97m▄[38;5;103;48;5;103m▄[38;5;97;48;5;97m▄[38;5;61m▄▄[38;5;97;48;5;61m▄[38;5;60;48;5;60m▄[38;5;97;48;5;61m▄[38;5;182;48;5;146m▄[38;5;255;48;5;255m▄[0m[38;5;250m▄[0m                                  [0m
                                     [38;5;182;48;5;146m▄[38;5;146m▄[38;5;97;48;5;103m▄[38;5;60;48;5;104m▄[48;5;97m▄▄[48;5;60m▄[48;5;61m▄[48;5;97m▄[48;5;60m▄[38;5;239;48;5;61m▄[38;5;60;48;5;60m▄[38;5;253;48;5;254m▄[38;5;255;48;5;253m▄[0m                                  [0m
                                    [38;5;146;48;5;140m▄[38;5;140;48;5;146m▄[38;5;103;48;5;103m▄[38;5;104;48;5;60m▄[38;5;97m▄[48;5;238m▄[48;5;8m▄[38;5;104;48;5;60m▄[38;5;103m▄[38;5;60;48;5;237m▄[48;5;238m▄[38;5;61;48;5;60m▄[38;5;97;48;5;240m▄[38;5;103;48;5;139m▄[38;5;254;48;5;254m▄[38;5;139;48;5;246m▄[0m                                 [0m
                    [38;5;102m▄[38;5;144m▄[0m              [38;5;146;48;5;139m▄[38;5;140;48;5;146m▄[38;5;97;48;5;97m▄[38;5;103m▄[38;5;60;48;5;104m▄[38;5;97;48;5;60m▄[48;5;97m▄[38;5;60;48;5;103m▄[38;5;238;48;5;97m▄[38;5;239;48;5;60m▄[38;5;60m▄[48;5;97m▄[38;5;61;48;5;60m▄[38;5;96m▄[38;5;188;48;5;253m▄[38;5;145;48;5;139m▄[0m                                 [0m
                  [38;5;238m▄[38;5;137;48;5;144m▄[38;5;144;48;5;229m▄[38;5;137;48;5;223m▄[38;5;101;48;5;180m▄[38;5;137;48;5;101m▄[0m[38;5;95m▄[0m           [7m[38;5;146m▄[0m[38;5;140;48;5;140m▄[38;5;103m▄[38;5;60;48;5;61m▄[38;5;97;48;5;60m▄[48;5;104m▄[38;5;60m▄[48;5;97m▄▄[48;5;61m▄[48;5;97m▄[48;5;60m▄[38;5;240m▄[38;5;139;48;5;139m▄[38;5;252;48;5;182m▄[38;5;144;48;5;247m▄[0m                                 [0m
             [38;5;8m▄[38;5;180;48;5;59m▄[38;5;187;48;5;251m▄[38;5;143;48;5;187m▄[38;5;137;48;5;244m▄[0m [38;5;238;48;5;239m▄[38;5;131;48;5;137m▄[38;5;216;48;5;180m▄[38;5;179;48;5;131m▄[38;5;95;48;5;95m▄[38;5;137;48;5;187m▄[0m[38;5;187m▄[38;5;8m▄[38;5;60;48;5;246m▄[38;5;96;48;5;244m▄[0m[38;5;180m▄▄[38;5;181m▄[38;5;244m▄[0m  [38;5;243m▄[48;5;246m▄[38;5;139;48;5;140m▄[38;5;97;48;5;97m▄[48;5;60m▄[38;5;140m▄[38;5;103m▄[38;5;61;48;5;103m▄▄[38;5;60;48;5;97m▄[48;5;60m▄▄[38;5;139m▄[38;5;60;48;5;239m▄[38;5;97;48;5;103m▄[38;5;248;48;5;250m▄[38;5;239;48;5;240m▄[38;5;137;48;5;186m▄[0m[38;5;246m▄[0m                               [0m
             [38;5;239;48;5;238m▄[48;5;95m▄[38;5;137;48;5;101m▄[38;5;222;48;5;137m▄[38;5;131m▄[38;5;137;48;5;95m▄[38;5;239;48;5;8m▄[38;5;95;48;5;239m▄[48;5;173m▄[38;5;97;48;5;180m▄[38;5;139;48;5;96m▄▄[48;5;138m▄[38;5;187;48;5;95m▄[38;5;243;48;5;8m▄[38;5;236;48;5;238m▄[38;5;8;48;5;95m▄[38;5;239;48;5;179m▄[38;5;137;48;5;137m▄[38;5;173m▄[38;5;131;48;5;180m▄[38;5;222;48;5;144m▄[38;5;180;48;5;239m▄[38;5;96;48;5;244m▄[38;5;140;48;5;139m▄[38;5;139;48;5;103m▄[38;5;103m▄▄[48;5;61m▄[38;5;97;48;5;60m▄▄▄[38;5;61m▄[38;5;60;48;5;239m▄[38;5;96;48;5;96m▄[48;5;97m▄[38;5;139;48;5;96m▄[38;5;96;48;5;246m▄[38;5;8;48;5;8m▄[38;5;180;48;5;137m▄[38;5;229;48;5;230m▄[38;5;145;48;5;244m▄[0m[38;5;61m▄▄[0m                            [0m
          [38;5;138m▄[38;5;180;48;5;139m▄[38;5;138;48;5;181m▄[38;5;95;48;5;95m▄[38;5;239;48;5;238m▄[38;5;240;48;5;95m▄[38;5;131;48;5;216m▄[38;5;138;48;5;173m▄[48;5;95m▄[38;5;180m▄[38;5;138m▄[38;5;96;48;5;132m▄[38;5;104;48;5;104m▄[38;5;117;48;5;110m▄[38;5;153;48;5;153m▄[38;5;111;48;5;110m▄[38;5;140;48;5;139m▄[38;5;181;48;5;187m▄[38;5;144;48;5;8m▄[38;5;237;48;5;237m▄[48;5;239m▄[38;5;240;48;5;131m▄[38;5;95;48;5;216m▄[38;5;131;48;5;131m▄[48;5;137m▄[38;5;137;48;5;229m▄[38;5;187;48;5;103m▄[38;5;61;48;5;97m▄[38;5;103;48;5;140m▄[38;5;140m▄[38;5;104;48;5;104m▄[38;5;103m▄[38;5;97;48;5;97m▄[38;5;61m▄▄[38;5;60;48;5;61m▄[48;5;60m▄[38;5;96;48;5;103m▄[38;5;103;48;5;102m▄[38;5;96;48;5;139m▄[38;5;238;48;5;239m▄[38;5;95;48;5;95m▄[38;5;173;48;5;180m▄[38;5;95;48;5;186m▄[38;5;24;48;5;244m▄[48;5;61m▄[38;5;61m▄▄[48;5;60m▄[0m[38;5;61m▄[38;5;60m▄[0m                        [0m
          [38;5;239;48;5;95m▄[38;5;96;48;5;241m▄[38;5;138;48;5;95m▄[38;5;95;48;5;137m▄[48;5;240m▄[48;5;239m▄[38;5;133;48;5;96m▄[38;5;176m▄[38;5;219;48;5;170m▄[48;5;176m▄[38;5;176;48;5;133m▄[38;5;97;48;5;96m▄[38;5;96;48;5;97m▄[48;5;104m▄[48;5;110m▄[38;5;60;48;5;104m▄[38;5;240;48;5;96m▄[38;5;95;48;5;138m▄[38;5;223;48;5;230m▄[38;5;137;48;5;95m▄[38;5;95;48;5;101m▄[38;5;137;48;5;137m▄▄[38;5;95;48;5;95m▄[38;5;240m▄[38;5;238m▄[38;5;95;48;5;186m▄[38;5;144;48;5;96m▄[38;5;60;48;5;60m▄[48;5;103m▄▄[48;5;61m▄[38;5;239;48;5;60m▄[38;5;238m▄▄▄[38;5;239m▄[38;5;240m▄[38;5;238;48;5;96m▄[38;5;236;48;5;237m▄[38;5;8m▄[38;5;237;48;5;95m▄[48;5;8m▄[38;5;23;48;5;238m▄[38;5;24;48;5;24m▄▄▄[48;5;60m▄[48;5;61m▄▄[38;5;61m▄▄[48;5;60m▄[0m[38;5;61m▄[38;5;67m▄▄[38;5;61m▄[38;5;60m▄[38;5;240m▄[0m                [0m
        [38;5;59m▄[38;5;180;48;5;242m▄[38;5;174;48;5;239m▄[38;5;240m▄[48;5;131m▄[38;5;96;48;5;95m▄[38;5;132;48;5;132m▄[48;5;96m▄[38;5;97;48;5;133m▄[38;5;170;48;5;176m▄[38;5;219;48;5;231m▄▄[38;5;176;48;5;219m▄[38;5;133;48;5;133m▄[38;5;95;48;5;96m▄▄[38;5;240m▄[38;5;239;48;5;240m▄[38;5;238m▄▄[38;5;95;48;5;180m▄[48;5;137m▄▄[38;5;240;48;5;95m▄[38;5;238m▄[38;5;239m▄[38;5;95;48;5;239m▄[38;5;238;48;5;8m▄[38;5;239;48;5;238m▄[38;5;186;48;5;95m▄[38;5;96;48;5;60m▄[38;5;240;48;5;239m▄[38;5;239m▄[38;5;238;48;5;238m▄[38;5;237;48;5;237m▄[38;5;236m▄▄▄[38;5;237m▄[48;5;236m▄[48;5;237m▄[48;5;236m▄[38;5;95;48;5;239m▄[38;5;137;48;5;240m▄[38;5;95;48;5;238m▄[38;5;239;48;5;24m▄[38;5;24m▄▄▄▄▄▄[38;5;60;48;5;60m▄[38;5;61;48;5;61m▄▄▄[38;5;60m▄[38;5;249m▄[38;5;230;48;5;248m▄[48;5;253m▄[48;5;230m▄[38;5;181m▄[38;5;244m▄[38;5;60;48;5;181m▄[38;5;61;48;5;246m▄[38;5;60;48;5;102m▄[48;5;60m▄[0m[38;5;60m▄[38;5;239m▄[0m        [0m
       [38;5;238m▄[38;5;53;48;5;95m▄[38;5;240m▄[38;5;174;48;5;138m▄[38;5;96;48;5;132m▄[38;5;60;48;5;60m▄[38;5;68;48;5;97m▄[38;5;195;48;5;104m▄[38;5;153m▄[38;5;97;48;5;97m▄▄[48;5;134m▄[38;5;133;48;5;170m▄[38;5;134;48;5;134m▄[38;5;169;48;5;169m▄[38;5;174;48;5;132m▄[38;5;131;48;5;95m▄[38;5;95;48;5;239m▄[38;5;239;48;5;238m▄[38;5;238;48;5;8m▄[38;5;8m▄[48;5;238m▄[38;5;95;48;5;95m▄[38;5;238;48;5;240m▄[38;5;8;48;5;238m▄[38;5;237;48;5;8m▄[48;5;237m▄[48;5;239m▄[38;5;240;48;5;95m▄[38;5;137m▄[38;5;222;48;5;222m▄[38;5;96;48;5;244m▄[38;5;60;48;5;60m▄[38;5;8;48;5;238m▄[38;5;239;48;5;239m▄[38;5;60;48;5;237m▄[48;5;8m▄[38;5;239;48;5;238m▄[38;5;238m▄[38;5;237m▄[38;5;236;48;5;237m▄[38;5;8m▄[38;5;95;48;5;239m▄[38;5;180;48;5;173m▄[38;5;222;48;5;222m▄[48;5;216m▄[48;5;180m▄[48;5;137m▄[38;5;180;48;5;60m▄[38;5;143;48;5;24m▄[38;5;244m▄[38;5;60m▄[38;5;24m▄[38;5;60m▄[38;5;244;48;5;60m▄[38;5;144m▄[38;5;222m▄[38;5;186;48;5;180m▄[38;5;144;48;5;229m▄[38;5;242;48;5;230m▄[38;5;60;48;5;181m▄[48;5;244m▄[38;5;238;48;5;60m▄[38;5;237;48;5;61m▄[48;5;239m▄[38;5;238;48;5;237m▄[48;5;8m▄[38;5;236;48;5;239m▄▄[0m[7m[38;5;237m▄[0m        [0m
        [38;5;95;48;5;239m▄[38;5;239;48;5;240m▄[38;5;96;48;5;59m▄[38;5;139;48;5;96m▄[38;5;96;48;5;60m▄[38;5;67;48;5;68m▄[38;5;110;48;5;159m▄[38;5;117;48;5;195m▄[38;5;97;48;5;104m▄[38;5;96;48;5;96m▄▄[38;5;132;48;5;133m▄▄[38;5;138;48;5;169m▄[48;5;174m▄[38;5;132;48;5;132m▄[48;5;131m▄[48;5;95m▄[38;5;131;48;5;240m▄[38;5;95;48;5;239m▄[38;5;239;48;5;238m▄▄[48;5;240m▄[38;5;240;48;5;8m▄[38;5;8m▄[48;5;237m▄[38;5;238;48;5;8m▄[38;5;95;48;5;238m▄[48;5;95m▄[48;5;173m▄[38;5;222;48;5;138m▄[38;5;242;48;5;60m▄[38;5;60;48;5;238m▄[38;5;139;48;5;60m▄[38;5;179;48;5;96m▄[38;5;173;48;5;59m▄[38;5;137;48;5;238m▄[38;5;131;48;5;8m▄[38;5;95m▄[38;5;137;48;5;238m▄[38;5;173;48;5;95m▄[38;5;179;48;5;173m▄[38;5;222;48;5;222m▄▄▄▄▄▄▄[48;5;180m▄[38;5;180;48;5;222m▄[38;5;95;48;5;180m▄[38;5;8;48;5;186m▄[38;5;237;48;5;180m▄[48;5;137m▄[38;5;238;48;5;95m▄[48;5;239m▄[38;5;237;48;5;24m▄[38;5;236m▄[48;5;8m▄[48;5;236m▄[38;5;237m▄[38;5;240;48;5;237m▄[38;5;60;48;5;238m▄[38;5;97;48;5;60m▄[38;5;140;48;5;139m▄[38;5;182;48;5;146m▄[0m[38;5;182m▄[0m         [0m
         [38;5;60;48;5;96m▄[38;5;97;48;5;60m▄[38;5;74;48;5;103m▄[38;5;117m▄[38;5;61;48;5;60m▄[38;5;54;48;5;61m▄[48;5;97m▄[48;5;96m▄[38;5;96m▄[38;5;133m▄[48;5;132m▄[38;5;182;48;5;139m▄[38;5;254;48;5;176m▄[48;5;182m▄[38;5;182;48;5;176m▄[48;5;139m▄[38;5;175;48;5;132m▄[38;5;132m▄▄[48;5;95m▄[38;5;96;48;5;240m▄[38;5;95;48;5;239m▄[38;5;240;48;5;240m▄▄[38;5;95;48;5;238m▄[48;5;239m▄[38;5;240;48;5;95m▄[38;5;179;48;5;137m▄[38;5;137;48;5;95m▄[38;5;229;48;5;223m▄[38;5;237;48;5;239m▄[38;5;246;48;5;60m▄[38;5;222;48;5;186m▄[48;5;216m▄[38;5;216;48;5;179m▄▄[38;5;179;48;5;173m▄▄▄[38;5;216;48;5;179m▄[38;5;222;48;5;216m▄[48;5;222m▄▄▄▄[38;5;186m▄[38;5;180m▄[38;5;95m▄[38;5;238;48;5;143m▄[38;5;24;48;5;240m▄[48;5;24m▄[38;5;95;48;5;241m▄[48;5;95m▄[38;5;24;48;5;237m▄[38;5;23m▄[48;5;236m▄▄[38;5;238;48;5;237m▄[38;5;237m▄[38;5;239m▄[38;5;60;48;5;239m▄[38;5;61;48;5;60m▄[38;5;103;48;5;103m▄[38;5;97;48;5;97m▄[38;5;103;48;5;103m▄[38;5;140;48;5;146m▄[38;5;182;48;5;183m▄[48;5;189m▄[38;5;189;48;5;247m▄[0m[38;5;102m▄[0m      [0m
          [7m[38;5;97m▄[0m[38;5;103;48;5;116m▄[38;5;117;48;5;159m▄[38;5;110;48;5;116m▄[38;5;60;48;5;60m▄[38;5;53;48;5;54m▄[38;5;54m▄[38;5;60;48;5;96m▄[38;5;132;48;5;133m▄[38;5;133m▄[38;5;182;48;5;182m▄[38;5;231;48;5;231m▄▄▄[48;5;255m▄[48;5;183m▄[38;5;182;48;5;175m▄[38;5;132;48;5;132m▄▄[38;5;95;48;5;96m▄[48;5;95m▄[38;5;240;48;5;240m▄[38;5;239;48;5;239m▄[48;5;95m▄[38;5;173;48;5;179m▄[38;5;229m▄[48;5;180m▄[38;5;186m▄[38;5;180;48;5;187m▄[38;5;95;48;5;236m▄[38;5;222;48;5;186m▄[48;5;222m▄▄▄[38;5;216;48;5;216m▄▄▄[38;5;180m▄[38;5;179m▄[38;5;137;48;5;222m▄[38;5;95m▄[38;5;59m▄[38;5;238;48;5;180m▄[38;5;24;48;5;137m▄[48;5;242m▄[48;5;238m▄[48;5;24m▄▄▄[38;5;239m▄[38;5;131;48;5;95m▄[38;5;8;48;5;239m▄[38;5;23;48;5;24m▄[48;5;23m▄[38;5;238;48;5;24m▄[38;5;8;48;5;238m▄[38;5;240;48;5;8m▄[38;5;61;48;5;60m▄▄[38;5;60m▄▄[38;5;97;48;5;97m▄[38;5;61m▄[38;5;97m▄[38;5;103;48;5;103m▄[38;5;140;48;5;146m▄[38;5;104;48;5;140m▄[38;5;140;48;5;182m▄[38;5;253;48;5;254m▄[0m[38;5;249m▄[0m     [0m
           [7m[38;5;59m▄[0m[38;5;240;48;5;60m▄[38;5;238m▄[38;5;240m▄[38;5;53;48;5;53m▄▄[48;5;5m▄[38;5;59;48;5;96m▄[38;5;96m▄[48;5;140m▄[38;5;254;48;5;231m▄[38;5;231m▄▄▄▄[38;5;255;48;5;255m▄[38;5;139;48;5;133m▄[38;5;131;48;5;131m▄[38;5;95m▄[38;5;131;48;5;95m▄[38;5;95;48;5;240m▄[38;5;239;48;5;239m▄▄[48;5;95m▄[38;5;137;48;5;222m▄▄[38;5;180;48;5;180m▄[38;5;137;48;5;101m▄[38;5;180;48;5;179m▄[38;5;222;48;5;216m▄[38;5;186;48;5;222m▄[38;5;241;48;5;179m▄[38;5;238;48;5;137m▄[38;5;24m▄[48;5;95m▄[48;5;59m▄[48;5;239m▄[48;5;238m▄[48;5;24m▄▄▄▄▄▄▄[38;5;238m▄[38;5;241m▄[38;5;137;48;5;239m▄[38;5;240;48;5;95m▄[38;5;237m▄[48;5;237m▄[48;5;238m▄[38;5;8;48;5;8m▄[38;5;237m▄[38;5;60;48;5;239m▄[48;5;60m▄[38;5;61;48;5;61m▄[38;5;60;48;5;60m▄▄▄[38;5;61;48;5;97m▄[38;5;60;48;5;61m▄[38;5;61;48;5;97m▄[38;5;97;48;5;103m▄▄[48;5;97m▄[38;5;103;48;5;104m▄[38;5;182;48;5;182m▄[48;5;254m▄[0m     [0m
            [38;5;103;48;5;139m▄[38;5;97;48;5;60m▄[38;5;239;48;5;239m▄▄[38;5;238;48;5;53m▄[38;5;8m▄[38;5;237m▄[38;5;238;48;5;95m▄[38;5;240m▄[38;5;96;48;5;139m▄[38;5;139;48;5;254m▄[38;5;182;48;5;231m▄[38;5;254m▄▄[38;5;182;48;5;255m▄[38;5;132;48;5;139m▄[38;5;95;48;5;131m▄[38;5;137m▄[38;5;179;48;5;173m▄[48;5;137m▄[38;5;137;48;5;95m▄[38;5;95m▄[38;5;8m▄[38;5;237;48;5;239m▄[38;5;238;48;5;95m▄[38;5;95;48;5;179m▄[38;5;173;48;5;229m▄[38;5;222;48;5;186m▄[38;5;223;48;5;180m▄[38;5;144;48;5;137m▄[38;5;239;48;5;239m▄[38;5;24;48;5;24m▄▄▄▄▄▄▄▄▄[38;5;239m▄[38;5;243m▄[38;5;180m▄[38;5;137;48;5;242m▄[38;5;240;48;5;137m▄[38;5;237m▄[48;5;238m▄[48;5;237m▄[38;5;236m▄[48;5;236m▄[38;5;237;48;5;237m▄▄[38;5;239;48;5;238m▄[38;5;60;48;5;60m▄▄[48;5;61m▄[48;5;60m▄▄▄▄▄[38;5;61;48;5;61m▄[38;5;97;48;5;97m▄[38;5;61m▄▄[38;5;103m▄[38;5;146;48;5;182m▄[38;5;140;48;5;146m▄[38;5;247;48;5;244m▄[0m    [0m
            [38;5;139;48;5;103m▄[38;5;182;48;5;104m▄[48;5;96m▄[38;5;96;48;5;239m▄[38;5;239m▄[48;5;238m▄[38;5;237;48;5;237m▄[38;5;236m▄[38;5;237;48;5;238m▄[38;5;8;48;5;95m▄[38;5;239m▄[38;5;95;48;5;96m▄▄▄[38;5;240;48;5;132m▄[38;5;239;48;5;95m▄[38;5;95m▄[38;5;137;48;5;173m▄[38;5;173;48;5;179m▄[38;5;137m▄[38;5;240;48;5;137m▄[38;5;239;48;5;238m▄[48;5;237m▄[48;5;8m▄▄[38;5;95;48;5;238m▄[48;5;95m▄[48;5;180m▄[38;5;137;48;5;186m▄[38;5;180m▄[48;5;223m▄[38;5;229;48;5;102m▄[38;5;223;48;5;239m▄[38;5;138;48;5;24m▄[38;5;240m▄[38;5;60m▄[38;5;244m▄[38;5;180m▄[38;5;137;48;5;60m▄[38;5;242;48;5;138m▄[38;5;238;48;5;180m▄[48;5;137m▄[48;5;240m▄[38;5;8;48;5;237m▄[38;5;237m▄▄[38;5;236m▄[38;5;240;48;5;236m▄[38;5;103m▄[38;5;104;48;5;237m▄▄[38;5;97m▄[38;5;60;48;5;239m▄[48;5;60m▄[38;5;61;48;5;61m▄▄[38;5;60;48;5;60m▄▄▄▄[48;5;61m▄▄[48;5;60m▄▄▄[38;5;97;48;5;103m▄[38;5;61;48;5;139m▄[38;5;139;48;5;140m▄[38;5;246;48;5;247m▄[0m    [0m
           [38;5;182m▄[38;5;189;48;5;182m▄[38;5;182;48;5;189m▄[38;5;140;48;5;182m▄[38;5;97;48;5;140m▄[38;5;60;48;5;59m▄[38;5;239;48;5;239m▄[38;5;238;48;5;238m▄[38;5;237;48;5;236m▄[38;5;236m▄▄[48;5;237m▄▄[48;5;8m▄[38;5;237m▄▄[38;5;8;48;5;238m▄[38;5;239;48;5;239m▄[38;5;238;48;5;95m▄[38;5;239m▄[38;5;95;48;5;131m▄▄[48;5;95m▄[38;5;239m▄[38;5;8m▄[38;5;237m▄[48;5;240m▄[48;5;238m▄[38;5;8m▄[38;5;238;48;5;95m▄[38;5;240;48;5;179m▄[38;5;137;48;5;222m▄[38;5;179;48;5;180m▄[38;5;222m▄[38;5;180;48;5;229m▄[48;5;223m▄[38;5;229;48;5;180m▄[48;5;137m▄[38;5;186;48;5;239m▄[38;5;137;48;5;238m▄[38;5;240;48;5;23m▄[38;5;238;48;5;24m▄[38;5;8;48;5;238m▄[38;5;237;48;5;8m▄[48;5;237m▄[38;5;236m▄[38;5;60;48;5;236m▄[38;5;104;48;5;60m▄[38;5;140;48;5;140m▄[38;5;104m▄[38;5;103;48;5;104m▄[38;5;97;48;5;97m▄▄▄[38;5;61;48;5;61m▄▄[48;5;60m▄[38;5;60m▄▄▄▄▄[38;5;239m▄[38;5;238;48;5;239m▄[38;5;239;48;5;60m▄[38;5;240m▄[38;5;60m▄▄[38;5;139;48;5;139m▄[0m     [0m
          [38;5;182;48;5;145m▄[48;5;183m▄[38;5;140;48;5;182m▄[38;5;103;48;5;140m▄[38;5;60;48;5;103m▄[48;5;60m▄[38;5;97m▄[38;5;60m▄[38;5;239;48;5;238m▄[38;5;237;48;5;237m▄[48;5;236m▄[38;5;236m▄▄▄▄[38;5;237m▄[48;5;237m▄[48;5;238m▄[38;5;8;48;5;237m▄[38;5;237m▄[38;5;236;48;5;238m▄[38;5;238m▄[38;5;95;48;5;237m▄[38;5;8;48;5;235m▄[38;5;235;48;5;95m▄[38;5;95m▄[48;5;239m▄[48;5;238m▄[38;5;239;48;5;8m▄[38;5;238m▄▄[38;5;8m▄[48;5;238m▄[38;5;238;48;5;95m▄[38;5;95;48;5;137m▄[48;5;179m▄[38;5;137;48;5;222m▄[38;5;179;48;5;179m▄[38;5;180;48;5;180m▄[38;5;179;48;5;229m▄[38;5;180m▄[38;5;229;48;5;223m▄[48;5;138m▄[38;5;223;48;5;241m▄[38;5;180;48;5;237m▄[38;5;95;48;5;236m▄[38;5;61;48;5;239m▄[38;5;103;48;5;103m▄[38;5;104;48;5;140m▄▄[48;5;104m▄[38;5;97;48;5;97m▄▄▄▄▄[38;5;61;48;5;61m▄▄▄[38;5;60;48;5;60m▄[48;5;240m▄[38;5;239;48;5;238m▄[38;5;8m▄[38;5;237;48;5;8m▄[38;5;238;48;5;238m▄[38;5;239;48;5;239m▄[48;5;240m▄[38;5;60;48;5;60m▄[38;5;103m▄[0m[7m[38;5;139m▄[0m     [0m
        [38;5;182m▄[38;5;146;48;5;146m▄[38;5;104;48;5;182m▄[38;5;97;48;5;140m▄[38;5;61;48;5;103m▄[38;5;60;48;5;61m▄[38;5;97;48;5;60m▄[48;5;97m▄[38;5;60;48;5;61m▄[38;5;239;48;5;60m▄[38;5;237;48;5;8m▄[48;5;236m▄▄[38;5;236m▄[38;5;237m▄▄[38;5;236m▄[38;5;235m▄[38;5;236m▄[38;5;237;48;5;237m▄[48;5;8m▄[38;5;236;48;5;236m▄[38;5;237m▄[48;5;8m▄[38;5;238;48;5;95m▄[38;5;95m▄[38;5;131;48;5;240m▄[38;5;95;48;5;236m▄[38;5;237;48;5;240m▄[38;5;238;48;5;131m▄[38;5;137;48;5;95m▄[38;5;95m▄[48;5;239m▄[48;5;238m▄[38;5;239m▄[38;5;238;48;5;8m▄[38;5;8;48;5;238m▄[38;5;238;48;5;239m▄[38;5;239;48;5;95m▄▄[48;5;131m▄[38;5;95;48;5;137m▄[48;5;179m▄[38;5;137;48;5;137m▄[38;5;173;48;5;180m▄[48;5;229m▄[38;5;180;48;5;223m▄[38;5;222m▄[48;5;95m▄[38;5;180;48;5;96m▄[38;5;97;48;5;103m▄▄[38;5;60;48;5;97m▄[38;5;61m▄[48;5;61m▄[48;5;97m▄[38;5;60m▄[38;5;97m▄[38;5;60;48;5;61m▄▄[38;5;61m▄▄[38;5;60;48;5;60m▄▄[38;5;240;48;5;239m▄[38;5;238;48;5;8m▄[38;5;237m▄[38;5;238;48;5;238m▄[38;5;239;48;5;240m▄[48;5;60m▄[0m       [0m
      [38;5;103m▄[38;5;146;48;5;140m▄[38;5;104;48;5;146m▄[38;5;61;48;5;97m▄[38;5;60m▄[48;5;61m▄[38;5;97;48;5;60m▄[38;5;103;48;5;97m▄[38;5;97m▄[38;5;61;48;5;61m▄[38;5;240;48;5;60m▄[38;5;8;48;5;238m▄[38;5;239;48;5;237m▄[38;5;240;48;5;239m▄[38;5;238;48;5;238m▄[38;5;236;48;5;237m▄▄[38;5;235;48;5;236m▄[38;5;236m▄▄▄▄▄▄▄[48;5;237m▄[38;5;237;48;5;8m▄[38;5;8;48;5;239m▄[38;5;239;48;5;95m▄[38;5;95;48;5;137m▄[38;5;137;48;5;131m▄[48;5;239m▄[38;5;95;48;5;236m▄[38;5;236;48;5;95m▄[38;5;95;48;5;131m▄[38;5;137;48;5;95m▄[38;5;95m▄[48;5;239m▄▄[38;5;239;48;5;238m▄[38;5;238m▄[38;5;239;48;5;239m▄▄▄▄[38;5;238m▄[38;5;239;48;5;95m▄[38;5;95;48;5;137m▄[38;5;137;48;5;173m▄[48;5;179m▄[38;5;180;48;5;223m▄[38;5;144;48;5;180m▄[38;5;60;48;5;60m▄▄[48;5;61m▄[48;5;60m▄▄[48;5;61m▄[48;5;60m▄[38;5;61;48;5;61m▄[38;5;240;48;5;60m▄[38;5;60m▄▄▄▄▄▄[38;5;97m▄[38;5;139;48;5;238m▄[38;5;182;48;5;240m▄[38;5;250;48;5;139m▄[0m        [0m
      [38;5;146;48;5;146m▄[38;5;97;48;5;140m▄[38;5;60;48;5;61m▄[48;5;60m▄[38;5;61m▄[38;5;97;48;5;97m▄[38;5;103;48;5;103m▄▄[38;5;97;48;5;97m▄[38;5;60;48;5;60m▄[38;5;239;48;5;239m▄[48;5;8m▄[38;5;60;48;5;60m▄[38;5;239;48;5;240m▄[38;5;237;48;5;8m▄[38;5;236;48;5;236m▄▄[48;5;235m▄[48;5;236m▄[38;5;237m▄[48;5;237m▄[38;5;236;48;5;236m▄[48;5;235m▄[48;5;236m▄▄▄▄[48;5;237m▄[38;5;237;48;5;238m▄[38;5;238;48;5;239m▄[38;5;240;48;5;95m▄[38;5;95;48;5;137m▄[38;5;137m▄▄[48;5;236m▄[38;5;8;48;5;240m▄[38;5;239;48;5;137m▄[38;5;137;48;5;95m▄[38;5;95m▄▄[48;5;239m▄▄▄▄▄▄▄[38;5;239;48;5;95m▄[38;5;95;48;5;137m▄[38;5;238;48;5;95m▄[38;5;95;48;5;137m▄[38;5;60;48;5;96m▄[38;5;104;48;5;103m▄[38;5;140;48;5;97m▄[38;5;103;48;5;60m▄[38;5;60m▄▄▄▄[48;5;61m▄[48;5;239m▄▄[48;5;60m▄[38;5;97m▄[38;5;60m▄▄▄[38;5;97;48;5;97m▄[38;5;103;48;5;103m▄[38;5;139;48;5;146m▄[38;5;182;48;5;182m▄[0m        [0m
      [38;5;60;48;5;103m▄[38;5;239;48;5;60m▄[38;5;60m▄[38;5;97;48;5;61m▄[48;5;97m▄▄▄[38;5;61m▄[38;5;60;48;5;60m▄[38;5;240m▄[38;5;8;48;5;238m▄[38;5;60;48;5;60m▄▄[38;5;239;48;5;239m▄[38;5;237;48;5;237m▄[38;5;236;48;5;236m▄[38;5;235;48;5;235m▄[48;5;237m▄[38;5;237;48;5;236m▄[38;5;236;48;5;237m▄[38;5;235;48;5;236m▄[48;5;235m▄[38;5;236;48;5;237m▄[38;5;8;48;5;236m▄[38;5;236m▄▄▄▄▄[38;5;237;48;5;237m▄[48;5;238m▄[38;5;238;48;5;239m▄[38;5;240;48;5;95m▄[38;5;95;48;5;137m▄[38;5;131m▄[38;5;137m▄[38;5;131;48;5;237m▄[38;5;236;48;5;95m▄[38;5;95;48;5;137m▄[38;5;131;48;5;95m▄[38;5;95m▄▄▄▄▄▄[38;5;240m▄[38;5;95m▄[38;5;237;48;5;238m▄[38;5;95;48;5;239m▄[38;5;239m▄[38;5;60;48;5;60m▄[38;5;61;48;5;97m▄[48;5;104m▄[38;5;103;48;5;140m▄[38;5;104m▄[38;5;140;48;5;60m▄[38;5;60m▄▄▄[38;5;61m▄[38;5;60m▄▄[38;5;97;48;5;97m▄[38;5;139m▄[38;5;60;48;5;60m▄▄[48;5;97m▄[38;5;103;48;5;103m▄[38;5;139;48;5;139m▄[48;5;146m▄[0m        [0m
      [38;5;97;48;5;60m▄[38;5;140m▄[38;5;97;48;5;97m▄[38;5;61m▄▄[38;5;97m▄[38;5;61m▄[38;5;60;48;5;61m▄[38;5;239;48;5;60m▄[38;5;8;48;5;239m▄[38;5;238;48;5;237m▄[38;5;60;48;5;60m▄[38;5;239m▄[38;5;8;48;5;238m▄[38;5;236;48;5;237m▄[48;5;236m▄[38;5;235;48;5;235m▄▄▄▄[48;5;236m▄[38;5;236m▄▄[48;5;237m▄[38;5;237m▄[38;5;236;48;5;236m▄▄▄▄▄[48;5;237m▄[38;5;237m▄[48;5;238m▄[38;5;238;48;5;95m▄[38;5;239m▄[38;5;95m▄[48;5;131m▄[38;5;131;48;5;95m▄[38;5;95;48;5;236m▄[38;5;236;48;5;95m▄[38;5;8m▄[38;5;238m▄▄[38;5;239m▄▄[38;5;95m▄[38;5;137m▄[38;5;238;48;5;239m▄[38;5;131;48;5;95m▄[38;5;238;48;5;239m▄[38;5;60;48;5;240m▄[48;5;60m▄▄▄[48;5;61m▄[48;5;97m▄[38;5;61;48;5;103m▄[38;5;97;48;5;140m▄[38;5;140;48;5;60m▄[38;5;60m▄▄▄[48;5;61m▄[38;5;97;48;5;97m▄[38;5;103;48;5;103m▄[38;5;60;48;5;60m▄[38;5;239;48;5;239m▄[38;5;240;48;5;60m▄[38;5;60;48;5;97m▄[38;5;139;48;5;139m▄[0m[7m[38;5;244m▄[0m        [0m
      [38;5;103;48;5;140m▄[38;5;97;48;5;104m▄[38;5;61;48;5;61m▄[38;5;60m▄▄[38;5;61m▄[38;5;60;48;5;60m▄[38;5;238m▄[38;5;237;48;5;238m▄[38;5;239;48;5;237m▄[38;5;60;48;5;240m▄[38;5;239;48;5;239m▄[38;5;238m▄[38;5;237;48;5;237m▄[38;5;236;48;5;236m▄▄[38;5;235;48;5;235m▄▄[38;5;236;48;5;236m▄[38;5;235;48;5;235m▄▄▄[48;5;236m▄[38;5;236m▄▄[48;5;8m▄[38;5;237;48;5;236m▄[38;5;236m▄▄▄▄▄▄[48;5;237m▄[38;5;237;48;5;8m▄[38;5;8;48;5;239m▄[38;5;238;48;5;95m▄[38;5;239m▄[38;5;95m▄[48;5;131m▄[48;5;95m▄▄[48;5;239m▄[38;5;137;48;5;95m▄[38;5;216;48;5;173m▄[38;5;179;48;5;216m▄[38;5;95;48;5;95m▄[38;5;179;48;5;137m▄[38;5;239;48;5;131m▄[38;5;8;48;5;8m▄[38;5;240;48;5;60m▄[38;5;60m▄▄▄▄[38;5;239m▄[38;5;60m▄[48;5;61m▄[38;5;103;48;5;140m▄[48;5;97m▄[38;5;97;48;5;60m▄[38;5;61m▄[38;5;60m▄▄[38;5;97;48;5;97m▄[38;5;60;48;5;60m▄[38;5;238;48;5;238m▄[48;5;239m▄[38;5;60;48;5;60m▄[38;5;139;48;5;139m▄[0m         [0m
      [38;5;239;48;5;60m▄[38;5;60;48;5;61m▄[48;5;60m▄▄▄[38;5;239m▄[38;5;8;48;5;239m▄[38;5;236;48;5;237m▄[38;5;239m▄[38;5;240;48;5;60m▄[38;5;239;48;5;240m▄[38;5;238;48;5;239m▄[38;5;8;48;5;238m▄[38;5;237;48;5;237m▄[38;5;236;48;5;236m▄▄[48;5;235m▄▄[48;5;236m▄[38;5;235;48;5;235m▄[38;5;234m▄[38;5;235m▄▄[48;5;236m▄[38;5;236m▄[38;5;235;48;5;235m▄[48;5;237m▄[38;5;237;48;5;236m▄[38;5;236m▄▄▄▄▄▄▄[48;5;237m▄▄[38;5;237;48;5;238m▄[38;5;8;48;5;239m▄[38;5;238m▄[38;5;239;48;5;95m▄[38;5;95m▄[38;5;131m▄[38;5;173;48;5;173m▄[38;5;95;48;5;179m▄[38;5;179;48;5;95m▄[38;5;180;48;5;215m▄[38;5;237;48;5;137m▄[48;5;237m▄▄[48;5;238m▄[48;5;239m▄[38;5;8m▄▄▄▄▄[38;5;238;48;5;240m▄[38;5;60;48;5;97m▄[48;5;61m▄[38;5;61;48;5;97m▄[48;5;61m▄[38;5;60;48;5;60m▄▄[38;5;61;48;5;61m▄[38;5;60;48;5;60m▄[38;5;237;48;5;8m▄[38;5;239;48;5;238m▄[38;5;103;48;5;60m▄[0m[7m[38;5;243m▄[0m         [0m
       [38;5;60;48;5;60m▄[38;5;239m▄▄[38;5;238;48;5;239m▄[38;5;237;48;5;238m▄[48;5;237m▄[38;5;239m▄[48;5;240m▄[48;5;239m▄[38;5;238;48;5;238m▄[38;5;237;48;5;8m▄[38;5;236;48;5;237m▄[48;5;236m▄▄▄▄▄[38;5;235;48;5;235m▄[38;5;234;48;5;234m▄[38;5;235;48;5;235m▄▄▄▄▄[48;5;236m▄[38;5;236;48;5;235m▄[38;5;235m▄[38;5;236;48;5;8m▄[38;5;237;48;5;236m▄[38;5;235m▄[38;5;236m▄▄▄▄▄▄▄[48;5;237m▄[38;5;8m▄[38;5;240;48;5;239m▄[38;5;239;48;5;95m▄[38;5;95;48;5;131m▄[48;5;95m▄[38;5;216;48;5;137m▄[38;5;137;48;5;222m▄[38;5;237;48;5;240m▄[38;5;239;48;5;8m▄[38;5;240;48;5;238m▄[38;5;60m▄[38;5;240;48;5;8m▄[38;5;239;48;5;237m▄▄▄▄▄▄▄[48;5;239m▄[38;5;60;48;5;60m▄▄[38;5;61;48;5;97m▄[38;5;60;48;5;60m▄[38;5;239m▄[38;5;60m▄[38;5;236;48;5;237m▄[38;5;239;48;5;8m▄[0m[7m[38;5;60m▄[0m           [0m
       [38;5;239;48;5;60m▄[38;5;238;48;5;238m▄[38;5;237m▄[38;5;236;48;5;237m▄[38;5;237;48;5;236m▄[38;5;238;48;5;8m▄[38;5;239;48;5;239m▄[38;5;238m▄[38;5;237;48;5;238m▄[48;5;237m▄[38;5;236;48;5;236m▄▄▄▄▄▄[0m [38;5;235;48;5;235m▄▄▄▄▄▄▄▄[48;5;236m▄[38;5;236;48;5;235m▄[38;5;235m▄[48;5;237m▄[38;5;8;48;5;236m▄[38;5;236m▄▄▄▄▄[38;5;237m▄[38;5;238m▄[38;5;239;48;5;8m▄[38;5;238;48;5;239m▄[38;5;237m▄[38;5;238;48;5;238m▄[38;5;137;48;5;239m▄[48;5;179m▄[38;5;236;48;5;137m▄[38;5;237;48;5;236m▄[38;5;239;48;5;238m▄[38;5;60;48;5;60m▄▄▄▄▄[48;5;239m▄[38;5;239m▄▄[38;5;238m▄▄[38;5;239m▄▄▄[38;5;60;48;5;60m▄[38;5;97;48;5;61m▄[38;5;60;48;5;60m▄[38;5;238;48;5;239m▄[0m[7m[38;5;237m▄[38;5;236m▄[0m             [0m
        [7m[38;5;238m▄[0m[38;5;237;48;5;237m▄[38;5;236;48;5;236m▄[38;5;8;48;5;237m▄[38;5;238;48;5;238m▄[38;5;8m▄[38;5;237;48;5;237m▄▄[38;5;236;48;5;236m▄▄▄▄▄[38;5;235m▄[0m   [38;5;235;48;5;235m▄[38;5;236m▄▄[48;5;236m▄▄[48;5;235m▄[48;5;236m▄[38;5;235;48;5;235m▄▄[38;5;236;48;5;236m▄[48;5;235m▄[48;5;236m▄[38;5;237;48;5;8m▄[48;5;236m▄▄[38;5;238m▄[38;5;239;48;5;8m▄[38;5;8;48;5;239m▄[38;5;236m▄[48;5;8m▄[38;5;95;48;5;236m▄[38;5;137;48;5;238m▄[38;5;95;48;5;137m▄[38;5;235;48;5;131m▄[38;5;236;48;5;236m▄▄[38;5;8;48;5;237m▄[38;5;239;48;5;239m▄[38;5;60;48;5;60m▄▄▄▄▄[38;5;240m▄[38;5;239m▄[48;5;239m▄▄[38;5;238;48;5;238m▄[48;5;8m▄▄[38;5;60;48;5;238m▄[38;5;61;48;5;60m▄[38;5;97;48;5;103m▄[38;5;239;48;5;97m▄[0m                [0m
           [7m[38;5;236m▄[38;5;238m▄[0m[38;5;237;48;5;237m▄▄▄[38;5;236m▄[48;5;236m▄[0m[7m[38;5;236m▄▄[0m    [38;5;235;48;5;235m▄[38;5;236;48;5;236m▄▄▄▄▄▄▄▄▄[38;5;235m▄[38;5;236m▄[48;5;237m▄▄[48;5;238m▄[38;5;235;48;5;8m▄[38;5;236;48;5;237m▄[38;5;8;48;5;236m▄[38;5;95m▄[38;5;137;48;5;238m▄[38;5;131;48;5;131m▄[38;5;237;48;5;137m▄[38;5;236;48;5;239m▄[48;5;235m▄[48;5;236m▄[48;5;235m▄[48;5;236m▄[38;5;8;48;5;8m▄[38;5;238;48;5;239m▄[38;5;239;48;5;240m▄[38;5;240;48;5;60m▄[38;5;239m▄▄[48;5;240m▄[48;5;239m▄▄▄[38;5;238m▄[38;5;239;48;5;238m▄[38;5;238m▄[38;5;239;48;5;239m▄[38;5;60;48;5;60m▄[48;5;97m▄[0m[7m[38;5;60m▄[0m                 [0m
                        [38;5;236;48;5;235m▄▄[38;5;237;48;5;236m▄[38;5;236m▄▄▄▄▄▄▄▄▄▄▄▄[48;5;8m▄[48;5;239m▄[38;5;235;48;5;95m▄▄[38;5;236;48;5;237m▄[38;5;237;48;5;235m▄[48;5;236m▄▄[38;5;8;48;5;237m▄▄[38;5;237;48;5;236m▄[38;5;236m▄[48;5;237m▄[38;5;8;48;5;238m▄[38;5;238;48;5;239m▄▄▄[38;5;239m▄▄▄▄[38;5;238m▄▄[38;5;8m▄▄[38;5;239m▄[0m[7m[38;5;60m▄[0m                   [0m
                        [38;5;236;48;5;236m▄▄▄[48;5;237m▄[38;5;237;48;5;238m▄[38;5;8;48;5;239m▄[38;5;239;48;5;238m▄[38;5;240m▄[38;5;95;48;5;237m▄[48;5;236m▄[38;5;239m▄[38;5;235m▄[38;5;236m▄▄▄[38;5;235;48;5;235m▄▄▄▄▄[48;5;236m▄[48;5;8m▄[48;5;238m▄[38;5;236;48;5;8m▄▄[38;5;237m▄[48;5;237m▄[38;5;236;48;5;236m▄[48;5;237m▄▄[38;5;237;48;5;8m▄[48;5;238m▄▄▄▄[48;5;8m▄[38;5;236;48;5;237m▄[38;5;237m▄▄[48;5;8m▄[38;5;95;48;5;95m▄[0m                    [0m
                        [38;5;236;48;5;237m▄▄[38;5;237;48;5;236m▄[38;5;8;48;5;237m▄[38;5;237m▄▄▄[38;5;8;48;5;238m▄[38;5;238;48;5;239m▄[38;5;239;48;5;95m▄[38;5;95m▄[38;5;131;48;5;239m▄[38;5;95;48;5;95m▄[48;5;240m▄[38;5;131;48;5;239m▄[48;5;238m▄[48;5;8m▄[38;5;95;48;5;237m▄▄▄[48;5;236m▄[48;5;8m▄[48;5;239m▄[48;5;8m▄[38;5;239;48;5;237m▄[38;5;237;48;5;236m▄[38;5;236m▄▄[38;5;235;48;5;235m▄▄▄[48;5;236m▄▄▄▄▄▄[48;5;235m▄[38;5;236m▄[38;5;237;48;5;237m▄[38;5;240;48;5;95m▄[0m                    [0m
                       [38;5;236m▄[48;5;237m▄[48;5;236m▄▄[38;5;237m▄[38;5;236;48;5;8m▄[48;5;238m▄[48;5;239m▄[38;5;8;48;5;238m▄[38;5;240m▄[38;5;238;48;5;239m▄[38;5;239m▄[38;5;95;48;5;95m▄▄[38;5;240m▄[38;5;95m▄▄▄▄▄▄[48;5;131m▄▄[48;5;95m▄▄[38;5;239;48;5;239m▄[38;5;8;48;5;8m▄[38;5;237;48;5;237m▄[38;5;236;48;5;236m▄▄[48;5;235m▄▄▄▄▄[38;5;235m▄[48;5;236m▄▄[48;5;237m▄[38;5;236;48;5;236m▄[38;5;240;48;5;237m▄[38;5;239;48;5;239m▄[0m                    [0m
                      [38;5;236m▄[38;5;237;48;5;237m▄▄[48;5;236m▄[38;5;236m▄▄[48;5;237m▄[48;5;236m▄▄▄▄[38;5;238;48;5;239m▄[38;5;239m▄▄[38;5;240;48;5;95m▄[38;5;95m▄[48;5;240m▄[48;5;95m▄▄▄[48;5;240m▄[48;5;95m▄▄▄▄[38;5;239m▄[38;5;235;48;5;239m▄[48;5;237m▄[48;5;236m▄[48;5;237m▄[38;5;237;48;5;236m▄[38;5;236;48;5;235m▄[38;5;235m▄▄▄▄▄▄▄[38;5;236;48;5;236m▄[38;5;237;48;5;8m▄[38;5;238m▄[38;5;8m▄[0m                    [0m
                     [38;5;8m▄[48;5;237m▄[38;5;237m▄▄▄[38;5;236m▄[48;5;236m▄▄▄▄▄▄▄[48;5;239m▄▄[48;5;95m▄▄▄▄▄[38;5;237m▄▄[38;5;8;48;5;239m▄[38;5;238;48;5;95m▄[38;5;8;48;5;239m▄[38;5;236m▄[38;5;235;48;5;235m▄▄▄▄▄▄▄[38;5;236m▄▄▄▄[38;5;235;48;5;236m▄[38;5;236;48;5;235m▄▄[38;5;237m▄[48;5;236m▄[38;5;239;48;5;238m▄[38;5;60;48;5;239m▄[0m                    [0m
                    [7m[38;5;237m▄▄▄▄▄[38;5;236m▄▄▄▄▄▄▄▄▄▄▄▄▄[38;5;235m▄▄▄▄▄▄▄▄▄▄▄▄▄▄▄▄[38;5;236m▄▄[38;5;235m▄▄[38;5;236m▄▄[38;5;237m▄▄[38;5;238m▄[38;5;239m▄[38;5;60m▄[38;5;238m▄[0m                   [0m
[?25h
